n,time
0,0
1,0
2,0
3,0
4,0
5,0
6,1
7,0
8,0
9,0
10,0
11,0
12,0
13,1
14,0
15,0
16,0
17,0
18,0
19,0
20,1
21,1
22,1
23,1
24,1
25,1
26,1
27,1
28,1
29,2
30,1
31,1
32,1
33,1
34,1
35,1
36,1
37,1
38,2
39,1
40,1
41,1
42,1
43,11
44,1
45,1
46,1
47,1
48,1
49,1
50,2
51,1
52,1
53,1
54,1
55,2
56,1
57,2
58,1
59,1
60,1
61,1
62,1
63,2
64,1
65,1
66,2
67,1
68,2
69,2
70,2
71,2
72,1
73,2
74,2
75,2
76,2
77,2
78,2
79,1
80,2
81,2
82,3
83,1
84,2
85,2
86,2
87,2
88,2
89,2
90,2
91,2
92,2
93,2
94,2
95,2
96,2
97,2
98,2
99,2
100,2
101,3
102,2
103,2
104,2
105,2
106,2
107,2
108,3
109,2
110,2
111,2
112,3
113,3
114,3
115,2
116,3
117,2
118,2
119,3
120,2
121,3
122,2
123,3
124,2
125,2
126,2
127,3
128,3
129,5
130,3
131,2
132,3
133,3
134,3
135,3
136,3
137,3
138,4
139,3
140,3
141,3
142,3
143,2
144,3
145,2
146,3
147,2
148,3
149,3
150,3
151,3
152,4
153,3
154,4
155,3
156,5
157,6
158,3
159,6
160,3
161,8
162,7
163,4
164,7
165,3
166,5
167,4
168,4
169,6
170,3
171,4
172,4
173,4
174,4
175,6
176,5
177,6
178,3
179,4
180,3
181,4
182,5
183,6
184,6
185,9
186,4
187,4
188,6
189,4
190,5
191,3
192,8
193,4
194,9
195,4
196,5
197,5
198,4
199,4
200,7
201,4
202,3
203,7
204,7
205,4
206,3
207,3
208,3
209,4
210,7
211,6
212,4
213,5
214,6
215,5
216,6
217,5
218,4
219,8
220,8
221,7
222,4
223,8
224,5
225,5
226,4
227,5
228,8
229,7
230,7
231,4
232,9
233,4
234,5
235,5
236,4
237,4
238,4
239,6
240,5
241,6
242,4
243,5
244,4
245,5
246,4
247,6
248,7
249,6
250,7
251,4
252,4
253,4
254,4
255,5
256,4
257,5
258,5
259,6
260,8
261,5
262,5
263,7
264,7
265,6
266,5
267,6
268,5
269,7
270,6
271,7
272,5
273,6
274,5
275,5
276,9
277,10
278,6
279,7
280,9
281,9
282,5
283,8
284,8
285,6
286,5
287,5
288,7
289,5
290,5
291,5
292,5
293,5
294,6
295,5
296,5
297,5
298,21
299,6
300,7
301,5
302,9
303,10
304,10
305,6
306,7
307,10
308,6
309,6
310,6
311,6
312,6
313,10
314,6
315,6
316,6
317,7
318,5
319,10
320,6
321,12
322,11
323,11
324,11
325,11
326,8
327,6
328,8
329,9
330,6
331,8
332,14
333,6
334,7
335,6
336,7
337,6
338,6
339,13
340,9
341,7
342,11
343,7
344,8
345,10
346,9
347,9
348,18
349,8
350,7
351,7
352,6
353,9
354,15
355,9
356,8
357,11
358,8
359,6
360,6
361,9
362,7
363,11
364,13
365,10
366,10
367,7
368,6
369,6
370,6
371,7
372,6
373,7
374,7
375,8
376,9
377,7
378,8
379,9
380,13
381,7
382,12
383,11
384,8
385,9
386,13
387,8
388,8
389,12
390,10
391,7
392,12
393,9
394,12
395,8
396,10
397,16
398,8
399,8
400,8
401,10
402,8
403,7
404,7
405,7
406,7
407,7
408,8
409,7
410,12
411,13
412,9
413,8
414,8
415,14
416,8
417,9
418,85
419,15
420,9
421,8
422,10
423,11
424,8
425,14
426,10
427,15
428,9
429,15
430,8
431,13
432,10
433,15
434,10
435,7
436,7
437,9
438,13
439,9
440,20
441,14
442,9
443,15
444,7
445,8
446,15
447,15
448,14
449,7
450,7
451,8
452,8
453,8
454,7
455,14
456,8
457,8
458,8
459,8
460,8
461,8
462,8
463,8
464,8
465,8
466,8
467,8
468,15
469,15
470,8
471,8
472,8
473,8
474,16
475,8
476,14
477,8
478,8
479,15
480,8
481,8
482,8
483,11
484,8
485,8
486,17
487,8
488,8
489,8
490,17
491,9
492,15
493,13
494,10
495,9
496,14
497,10
498,10
499,9
500,9
501,8
502,14
503,9
504,10
505,10
506,9
507,16
508,10
509,14
510,9
511,14
512,11
513,12
514,19
515,10
516,14
517,13
518,12
519,10
520,11
521,9
522,10
523,9
524,11
525,9
526,9
527,11
528,12
529,14
530,14
531,11
532,17
533,12
534,9
535,9
536,19
537,13
538,9
539,10
540,23
541,18
542,9
543,12
544,16
545,11
546,13
547,17
548,12
549,11
550,10
551,11
552,11
553,11
554,10
555,10
556,16
557,9
558,12
559,9
560,10
561,10
562,13
563,14
564,14
565,14
566,14
567,13
568,9
569,9
570,13
571,14
572,16
573,12
574,14
575,10
576,10
577,10
578,12
579,10
580,10
581,12
582,10
583,9
584,9
585,9
586,11
587,10
588,17
589,9
590,14
591,13
592,14
593,18
594,13
595,13
596,14
597,14
598,14
599,13
600,11
601,13
602,13
603,11
604,10
605,11
606,15
607,10
608,12
609,12
610,16
611,15
612,14
613,13
614,11
615,10
616,10
617,15
618,10
619,12
620,10
621,15
622,12
623,12
624,10
625,10
626,10
627,12
628,10
629,10
630,10
631,10
632,11
633,12
634,11
635,23
636,10
637,13
638,10
639,15
640,10
641,10
642,10
643,10
644,10
645,15
646,15
647,15
648,13
649,11
650,10
651,10
652,12
653,10
654,10
655,10
656,14
657,16
658,18
659,17
660,14
661,10
662,25
663,16
664,16
665,16
666,16
667,13
668,11
669,11
670,12
671,11
672,11
673,11
674,11
675,11
676,11
677,11
678,26
679,16
680,15
681,11
682,18
683,15
684,13
685,15
686,15
687,11
688,11
689,13
690,11
691,11
692,17
693,17
694,14
695,18
696,11
697,13
698,14
699,19
700,18
701,17
702,15
703,15
704,13
705,19
706,16
707,15
708,16
709,15
710,19
711,14
712,14
713,13
714,13
715,11
716,16
717,13
718,15
719,15
720,19
721,17
722,15
723,16
724,12
725,13
726,16
727,13
728,13
729,14
730,13
731,14
732,13
733,13
734,12
735,12
736,12
737,14
738,12
739,24
740,13
741,18
742,12
743,16
744,15
745,12
746,18
747,15
748,18
749,24
750,16
751,14
752,16
753,16
754,17
755,17
756,17
757,13
758,15
759,21
760,20
761,18
762,18
763,15
764,17
765,16
766,17
767,16
768,12
769,21
770,12
771,14
772,14
773,15
774,12
775,12
776,13
777,14
778,13
779,12
780,15
781,19
782,18
783,20
784,17
785,21
786,18
787,19
788,17
789,16
790,17
791,18
792,15
793,13
794,12
795,12
796,16
797,13
798,14
799,14
800,19
801,14
802,16
803,15
804,17
805,18
806,19
807,14
808,21
809,16
810,16
811,17
812,14
813,14
814,13
815,13
816,13
817,19
818,21
819,14
820,21
821,13
822,18
823,22
824,13
825,13
826,20
827,18
828,18
829,19
830,20
831,16
832,13
833,17
834,13
835,15
836,13
837,13
838,15
839,13
840,13
841,15
842,14
843,13
844,14
845,13
846,15
847,13
848,15
849,15
850,14
851,15
852,15
853,15
854,16
855,20
856,17
857,23
858,19
859,19
860,13
861,20
862,14
863,16
864,17
865,18
866,16
867,21
868,21
869,22
870,22
871,14
872,20
873,21
874,18
875,15
876,21
877,20
878,20
879,19
880,18
881,22
882,23
883,19
884,19
885,19
886,22
887,19
888,26
889,26
890,23
891,23
892,23
893,15
894,14
895,26
896,21
897,16
898,14
899,19
900,14
901,21
902,21
903,19
904,20
905,20
906,21
907,30
908,21
909,20
910,20
911,20
912,21
913,18
914,24
915,21
916,17
917,18
918,17
919,22
920,22
921,20
922,18
923,20
924,19
925,22
926,22
927,18
928,24
929,14
930,22
931,15
932,20
933,22
934,22
935,22
936,20
937,19
938,15
939,14
940,19
941,22
942,21
943,20
944,19
945,16
946,31
947,23
948,22
949,21
950,21
951,22
952,22
953,23
954,18
955,19
956,19
957,19
958,17
959,17
960,16
961,15
962,15
963,15
964,15
965,15
966,21
967,17
968,17
969,16
970,15
971,15
972,21
973,16
974,21
975,17
976,23
977,18
978,21
979,23
980,17
981,21
982,23
983,16
984,18
985,18
986,23
987,17
988,29
989,16
990,22
991,17
992,26
993,20
994,26
995,24
996,22
997,20
998,24
999,18
1000,24
1001,24
1002,22
1003,21
1004,20
1005,20
1006,20
1007,20
1008,17
1009,25
1010,16
1011,19
1012,18
1013,16
1014,16
1015,17
1016,16
1017,16
1018,17
1019,38
1020,27
1021,19
1022,22
1023,22
1024,17
1025,19
1026,18
1027,16
1028,18
1029,18
1030,18
1031,18
1032,16
1033,16
1034,17
1035,16
1036,16
1037,16
1038,16
1039,17
1040,20
1041,19
1042,17
1043,17
1044,16
1045,18
1046,18
1047,23
1048,25
1049,20
1050,19
1051,23
1052,26
1053,21
1054,25
1055,23
1056,23
1057,23
1058,17
1059,17
1060,17
1061,21
1062,19
1063,19
1064,19
1065,17
1066,17
1067,17
1068,17
1069,17
1070,20
1071,25
1072,23
1073,21
1074,27
1075,23
1076,21
1077,17
1078,17
1079,17
1080,17
1081,19
1082,19
1083,18
1084,18
1085,17
1086,24
1087,19
1088,17
1089,17
1090,22
1091,28
1092,20
1093,26
1094,24
1095,36
1096,28
1097,26
1098,23
1099,22
1100,17
1101,18
1102,18
1103,26
1104,26
1105,22
1106,22
1107,30
1108,18
1109,18
1110,18
1111,18
1112,18
1113,17
1114,20
1115,18
1116,21
1117,28
1118,24
1119,18
1120,17
1121,17
1122,18
1123,18
1124,18
1125,23
1126,28
1127,24
1128,25
1129,22
1130,18
1131,21
1132,27
1133,22
1134,31
1135,27
1136,25
1137,24
1138,23
1139,27
1140,24
1141,22
1142,21
1143,25
1144,25
1145,25
1146,21
1147,18
1148,20
1149,20
1150,18
1151,29
1152,19
1153,24
1154,20
1155,18
1156,18
1157,27
1158,25
1159,33
1160,27
1161,25
1162,23
1163,27
1164,22
1165,27
1166,18
1167,18
1168,18
1169,18
1170,18
1171,27
1172,28
1173,26
1174,20
1175,20
1176,19
1177,24
1178,19
1179,19
1180,19
1181,19
1182,19
1183,18
1184,19
1185,35
1186,22
1187,28
1188,28
1189,21
1190,28
1191,28
1192,25
1193,28
1194,28
1195,25
1196,26
1197,26
1198,30
1199,28
1200,19
1201,28
1202,22
1203,26
1204,32
1205,31
1206,31
1207,29
1208,26
1209,25
1210,28
1211,28
1212,29
1213,20
1214,26
1215,26
1216,29
1217,20
1218,33
1219,24
1220,21
1221,19
1222,19
1223,19
1224,29
1225,19
1226,31
1227,20
1228,20
1229,41
1230,36
1231,29
1232,24
1233,21
1234,30
1235,23
1236,27
1237,32
1238,26
1239,23
1240,19
1241,19
1242,19
1243,22
1244,32
1245,29
1246,26
1247,27
1248,25
1249,23
1250,24
1251,22
1252,27
1253,25
1254,25
1255,23
1256,20
1257,27
1258,25
1259,30
1260,22
1261,23
1262,20
1263,24
1264,20
1265,20
1266,20
1267,20
1268,20
1269,21
1270,22
1271,21
1272,22
1273,21
1274,20
1275,20
1276,33
1277,30
1278,30
1279,23
1280,60
1281,28
1282,31
1283,30
1284,30
1285,30
1286,26
1287,25
1288,35
1289,25
1290,38
1291,21
1292,21
1293,24
1294,33
1295,28
1296,28
1297,26
1298,28
1299,28
1300,31
1301,26
1302,23
1303,21
1304,30
1305,24
1306,27
1307,34
1308,25
1309,23
1310,31
1311,21
1312,36
1313,22
1314,28
1315,22
1316,31
1317,39
1318,21
1319,23
1320,29
1321,31
1322,29
1323,21
1324,31
1325,28
1326,41
1327,28
1328,26
1329,24
1330,23
1331,23
1332,31
1333,29
1334,21
1335,25
1336,32
1337,21
1338,31
1339,27
1340,34
1341,35
1342,24
1343,31
1344,30
1345,38
1346,32
1347,29
1348,31
1349,27
1350,21
1351,21
1352,35
1353,39
1354,35
1355,36
1356,27
1357,29
1358,29
1359,35
1360,32
1361,33
1362,24
1363,30
1364,27
1365,24
1366,32
1367,22
1368,23
1369,23
1370,32
1371,30
1372,33
1373,32
1374,27
1375,23
1376,23
1377,30
1378,46
1379,45
1380,25
1381,27
1382,27
1383,78
1384,26
1385,26
1386,32
1387,30
1388,26
1389,24
1390,38
1391,25
1392,30
1393,22
1394,22
1395,26
1396,33
1397,28
1398,42
1399,37
1400,22
1401,23
1402,32
1403,27
1404,26
1405,33
1406,28
1407,33
1408,26
1409,23
1410,33
1411,47
1412,27
1413,26
1414,22
1415,22
1416,23
1417,31
1418,30
1419,22
1420,22
1421,22
1422,22
1423,22
1424,29
1425,28
1426,29
1427,28
1428,31
1429,33
1430,29
1431,25
1432,31
1433,30
1434,31
1435,31
1436,31
1437,34
1438,38
1439,31
1440,31
1441,28
1442,31
1443,34
1444,25
1445,31
1446,34
1447,23
1448,22
1449,23
1450,25
1451,39
1452,31
1453,29
1454,25
1455,25
1456,32
1457,34
1458,42
1459,43
1460,35
1461,31
1462,24
1463,27
1464,34
1465,29
1466,28
1467,31
1468,23
1469,25
1470,43
1471,35
1472,35
1473,44
1474,32
1475,41
1476,28
1477,26
1478,23
1479,23
1480,23
1481,23
1482,35
1483,44
1484,32
1485,28
1486,29
1487,31
1488,27
1489,23
1490,23
1491,23
1492,23
1493,23
1494,23
1495,24
1496,25
1497,33
1498,24
1499,36
1500,24
1501,25
1502,75
1503,36
1504,32
1505,44
1506,35
1507,36
1508,28
1509,50
1510,39
1511,27
1512,39
1513,25
1514,43
1515,57
1516,50
1517,33
1518,39
1519,50
1520,39
1521,44
1522,51
1523,51
1524,51
1525,44
1526,50
1527,33
1528,51
1529,30
1530,44
1531,45
1532,51
1533,44
1534,36
1535,33
1536,34
1537,41
1538,40
1539,24
1540,36
1541,39
1542,24
1543,25
1544,45
1545,37
1546,37
1547,34
1548,45
1549,41
1550,43
1551,27
1552,40
1553,31
1554,40
1555,29
1556,34
1557,52
1558,33
1559,40
1560,31
1561,34
1562,32
1563,48
1564,29
1565,31
1566,52
1567,33
1568,50
1569,36
1570,40
1571,31
1572,25
1573,46
1574,37
1575,41
1576,37
1577,26
1578,42
1579,29
1580,32
1581,39
1582,31
1583,34
1584,34
1585,28
1586,28
1587,35
1588,38
1589,38
1590,42
1591,32
1592,31
1593,37
1594,35
1595,34
1596,26
1597,38
1598,38
1599,34
1600,35
1601,43
1602,26
1603,34
1604,27
1605,25
1606,33
1607,26
1608,25
1609,25
1610,25
1611,25
1612,28
1613,32
1614,28
1615,25
1616,35
1617,35
1618,34
1619,32
1620,35
1621,35
1622,51
1623,35
1624,26
1625,26
1626,25
1627,41
1628,25
1629,35
1630,54
1631,34
1632,32
1633,35
1634,32
1635,35
1636,32
1637,25
1638,26
1639,26
1640,36
1641,36
1642,35
1643,39
1644,26
1645,26
1646,26
1647,26
1648,32
1649,29
1650,35
1651,35
1652,42
1653,30
1654,42
1655,33
1656,26
1657,33
1658,36
1659,39
1660,36
1661,26
1662,36
1663,26
1664,40
1665,35
1666,39
1667,39
1668,39
1669,29
1670,27
1671,28
1672,36
1673,36
1674,48
1675,39
1676,35
1677,33
1678,33
1679,36
1680,34
1681,37
1682,36
1683,33
1684,27
1685,29
1686,29
1687,26
1688,26
1689,29
1690,26
1691,26
1692,29
1693,29
1694,26
1695,37
1696,27
1697,27
1698,26
1699,40
1700,31
1701,27
1702,49
1703,36
1704,36
1705,43
1706,37
1707,34
1708,36
1709,27
1710,51
1711,30
1712,26
1713,30
1714,32
1715,29
1716,30
1717,27
1718,28
1719,36
1720,34
1721,31
1722,41
1723,37
1724,28
1725,35
1726,38
1727,51
1728,27
1729,35
1730,35
1731,27
1732,27
1733,28
1734,32
1735,27
1736,33
1737,35
1738,27
1739,32
1740,41
1741,28
1742,40
1743,37
1744,34
1745,37
1746,42
1747,27
1748,37
1749,27
1750,33
1751,30
1752,29
1753,28
1754,30
1755,27
1756,27
1757,29
1758,31
1759,37
1760,48
1761,51
1762,35
1763,38
1764,47
1765,38
1766,28
1767,38
1768,27
1769,38
1770,28
1771,28
1772,35
1773,28
1774,31
1775,31
1776,33
1777,27
1778,27
1779,67
1780,38
1781,45
1782,29
1783,36
1784,35
1785,39
1786,42
1787,28
1788,39
1789,35
1790,35
1791,113
1792,57
1793,28
1794,28
1795,28
1796,28
1797,31
1798,43
1799,39
1800,29
1801,30
1802,38
1803,39
1804,35
1805,36
1806,39
1807,36
1808,45
1809,42
1810,28
1811,29
1812,30
1813,32
1814,29
1815,30
1816,31
1817,38
1818,43
1819,67
1820,39
1821,39
1822,39
1823,36
1824,39
1825,29
1826,40
1827,32
1828,49
1829,42
1830,39
1831,28
1832,28
1833,28
1834,54
1835,42
1836,29
1837,29
1838,32
1839,39
1840,43
1841,47
1842,29
1843,39
1844,40
1845,43
1846,39
1847,29
1848,43
1849,37
1850,35
1851,28
1852,29
1853,29
1854,28
1855,34
1856,32
1857,52
1858,40
1859,34
1860,70
1861,31
1862,40
1863,32
1864,46
1865,40
1866,33
1867,47
1868,44
1869,40
1870,30
1871,29
1872,29
1873,29
1874,35
1875,32
1876,30
1877,29
1878,30
1879,33
1880,35
1881,33
1882,30
1883,29
1884,29
1885,34
1886,44
1887,29
1888,32
1889,35
1890,33
1891,39
1892,38
1893,45
1894,31
1895,40
1896,30
1897,31
1898,44
1899,37
1900,41
1901,44
1902,33
1903,45
1904,33
1905,30
1906,30
1907,29
1908,49
1909,50
1910,55
1911,41
1912,35
1913,33
1914,45
1915,44
1916,40
1917,44
1918,40
1919,40
1920,40
1921,47
1922,41
1923,30
1924,30
1925,30
1926,30
1927,46
1928,35
1929,29
1930,32
1931,36
1932,30
1933,30
1934,30
1935,43
1936,30
1937,38
1938,49
1939,49
1940,50
1941,41
1942,40
1943,29
1944,51
1945,31
1946,45
1947,52
1948,46
1949,45
1950,33
1951,30
1952,30
1953,29
1954,30
1955,36
1956,30
1957,45
1958,51
1959,45
1960,57
1961,42
1962,35
1963,32
1964,59
1965,46
1966,37
1967,40
1968,50
1969,32
1970,30
1971,32
1972,36
1973,31
1974,32
1975,30
1976,30
1977,42
1978,46
1979,47
1980,42
1981,31
1982,37
1983,36
1984,30
1985,31
1986,43
1987,46
1988,35
1989,35
1990,37
1991,33
1992,35
1993,31
1994,39
1995,47
1996,51
1997,43
1998,31
1999,51
2000,39
2001,43
2002,31
2003,58
2004,32
2005,32
2006,43
2007,47
2008,37
2009,37
2010,33
2011,35
2012,35
2013,33
2014,31
2015,35
2016,32
2017,33
2018,35
2019,31
2020,31
2021,43
2022,43
2023,47
2024,32
2025,31
2026,32
2027,47
2028,40
2029,41
2030,43
2031,48
2032,44
2033,33
2034,37
2035,37
2036,38
2037,35
2038,32
2039,33
2040,31
2041,44
2042,59
2043,41
2044,34
2045,31
2046,56
2047,44
2048,33
2049,33
2050,35
2051,44
2052,31
2053,31
2054,31
2055,60
2056,34
2057,38
2058,40
2059,48
2060,40
2061,48
2062,31
2063,48
2064,45
2065,41
2066,36
2067,32
2068,32
2069,56
2070,44
2071,36
2072,33
2073,36
2074,41
2075,48
2076,36
2077,45
2078,34
2079,52
2080,48
2081,49
2082,61
2083,49
2084,44
2085,37
2086,44
2087,32
2088,48
2089,41
2090,34
2091,32
2092,32
2093,69
2094,33
2095,40
2096,32
2097,32
2098,32
2099,45
2100,55
2101,44
2102,44
2103,55
2104,45
2105,46
2106,45
2107,45
2108,45
2109,33
2110,45
2111,45
2112,41
2113,39
2114,49
2115,54
2116,45
2117,44
2118,33
2119,36
2120,36
2121,32
2122,46
2123,33
2124,39
2125,45
2126,52
2127,45
2128,33
2129,45
2130,40
2131,37
2132,33
2133,37
2134,50
2135,41
2136,33
2137,34
2138,33
2139,49
2140,50
2141,43
2142,42
2143,46
2144,46
2145,46
2146,46
2147,39
2148,40
2149,37
2150,33
2151,34
2152,33
2153,33
2154,37
2155,38
2156,37
2157,37
2158,35
2159,36
2160,35
2161,40
2162,40
2163,34
2164,33
2165,57
2166,55
2167,33
2168,37
2169,37
2170,34
2171,33
2172,34
2173,38
2174,47
2175,46
2176,42
2177,46
2178,37
2179,33
2180,35
2181,40
2182,34
2183,51
2184,51
2185,34
2186,56
2187,41
2188,38
2189,47
2190,46
2191,40
2192,69
2193,56
2194,40
2195,40
2196,40
2197,34
2198,34
2199,41
2200,53
2201,50
2202,57
2203,51
2204,38
2205,51
2206,44
2207,47
2208,51
2209,34
2210,57
2211,41
2212,40
2213,34
2214,44
2215,44
2216,48
2217,38
2218,57
2219,48
2220,57
2221,58
2222,38
2223,42
2224,34
2225,53
2226,52
2227,53
2228,48
2229,39
2230,39
2231,39
2232,41
2233,41
2234,39
2235,42
2236,42
2237,41
2238,36
2239,42
2240,39
2241,36
2242,41
2243,53
2244,42
2245,39
2246,65
2247,65
2248,58
2249,53
2250,35
2251,45
2252,52
2253,48
2254,35
2255,35
2256,35
2257,39
2258,39
2259,35
2260,39
2261,36
2262,53
2263,53
2264,49
2265,53
2266,46
2267,48
2268,48
2269,48
2270,48
2271,45
2272,45
2273,35
2274,36
2275,42
2276,37
2277,39
2278,40
2279,54
2280,41
2281,37
2282,49
2283,52
2284,59
2285,45
2286,48
2287,53
2288,49
2289,56
2290,43
2291,54
2292,43
2293,45
2294,39
2295,40
2296,36
2297,42
2298,46
2299,42
2300,43
2301,49
2302,50
2303,50
2304,46
2305,48
2306,54
2307,36
2308,40
2309,83
2310,53
2311,43
2312,45
2313,40
2314,35
2315,42
2316,71
2317,37
2318,36
2319,40
2320,59
2321,75
2322,55
2323,38
2324,46
2325,50
2326,54
2327,55
2328,38
2329,50
2330,41
2331,42
2332,40
2333,39
2334,38
2335,42
2336,41
2337,37
2338,36
2339,59
2340,49
2341,63
2342,60
2343,38
2344,61
2345,54
2346,55
2347,54
2348,39
2349,40
2350,36
2351,38
2352,37
2353,37
2354,38
2355,47
2356,50
2357,69
2358,61
2359,55
2360,47
2361,55
2362,48
2363,51
2364,61
2365,41
2366,47
2367,38
2368,37
2369,37
2370,56
2371,46
2372,54
2373,51
2374,47
2375,36
2376,50
2377,38
2378,55
2379,50
2380,51
2381,37
2382,52
2383,50
2384,47
2385,59
2386,51
2387,50
2388,46
2389,37
2390,57
2391,42
2392,37
2393,52
2394,78
2395,56
2396,60
2397,51
2398,38
2399,56
2400,55
2401,50
2402,38
2403,63
2404,41
2405,42
2406,42
2407,40
2408,37
2409,49
2410,45
2411,39
2412,51
2413,57
2414,61
2415,51
2416,47
2417,59
2418,52
2419,48
2420,52
2421,37
2422,37
2423,45
2424,40
2425,38
2426,42
2427,41
2428,37
2429,37
2430,38
2431,42
2432,62
2433,52
2434,62
2435,48
2436,38
2437,40
2438,53
2439,44
2440,53
2441,48
2442,48
2443,50
2444,42
2445,38
2446,39
2447,40
2448,49
2449,40
2450,63
2451,56
2452,45
2453,45
2454,42
2455,37
2456,38
2457,52
2458,52
2459,56
2460,57
2461,57
2462,52
2463,49
2464,48
2465,37
2466,58
2467,45
2468,39
2469,52
2470,62
2471,53
2472,58
2473,129
2474,38
2475,49
2476,38
2477,58
2478,58
2479,48
2480,66
2481,43
2482,40
2483,39
2484,39
2485,53
2486,46
2487,42
2488,41
2489,72
2490,52
2491,58
2492,43
2493,49
2494,38
2495,58
2496,41
2497,43
2498,39
2499,59
2500,58
2501,54
2502,54
2503,49
2504,53
2505,59
2506,54
2507,58
2508,64
2509,58
2510,49
2511,39
2512,53
2513,67
2514,53
2515,58
2516,39
2517,38
2518,38
2519,54
2520,58
2521,53
2522,39
2523,54
2524,58
2525,49
2526,47
2527,50
2528,74
2529,60
2530,41
2531,41
2532,56
2533,54
2534,58
2535,47
2536,55
2537,55
2538,39
2539,39
2540,40
2541,59
2542,54
2543,46
2544,40
2545,42
2546,40
2547,55
2548,39
2549,41
2550,39
2551,42
2552,47
2553,66
2554,58
2555,40
2556,60
2557,47
2558,39
2559,40
2560,57
2561,51
2562,54
2563,59
2564,44
2565,47
2566,39
2567,52
2568,44
2569,41
2570,41
2571,39
2572,42
2573,40
2574,47
2575,45
2576,39
2577,40
2578,55
2579,67
2580,51
2581,40
2582,64
2583,60
2584,55
2585,47
2586,40
2587,40
2588,40
2589,40
2590,82
2591,52
2592,40
2593,41
2594,53
2595,45
2596,51
2597,55
2598,66
2599,56
2600,56
2601,70
2602,56
2603,61
2604,61
2605,55
2606,48
2607,51
2608,40
2609,40
2610,41
2611,40
2612,40
2613,45
2614,43
2615,43
2616,45
2617,40
2618,45
2619,56
2620,57
2621,45
2622,61
2623,60
2624,48
2625,48
2626,40
2627,40
2628,76
2629,60
2630,51
2631,55
2632,52
2633,46
2634,53
2635,45
2636,40
2637,40
2638,48
2639,42
2640,43
2641,57
2642,67
2643,61
2644,53
2645,52
2646,43
2647,40
2648,40
2649,41
2650,40
2651,41
2652,41
2653,46
2654,41
2655,41
2656,46
2657,42
2658,41
2659,46
2660,42
2661,52
2662,43
2663,63
2664,58
2665,41
2666,62
2667,62
2668,41
2669,58
2670,57
2671,46
2672,42
2673,41
2674,42
2675,46
2676,49
2677,46
2678,41
2679,46
2680,53
2681,48
2682,57
2683,42
2684,41
2685,41
2686,49
2687,43
2688,41
2689,58
2690,46
2691,49
2692,45
2693,53
2694,86
2695,70
2696,63
2697,62
2698,56
2699,62
2700,62
2701,57
2702,57
2703,71
2704,53
2705,46
2706,49
2707,45
2708,42
2709,58
2710,42
2711,50
2712,62
2713,68
2714,62
2715,58
2716,58
2717,58
2718,62
2719,57
2720,57
2721,41
2722,41
2723,41
2724,63
2725,63
2726,58
2727,57
2728,57
2729,42
2730,42
2731,43
2732,77
2733,49
2734,77
2735,62
2736,49
2737,53
2738,44
2739,44
2740,50
2741,57
2742,58
2743,42
2744,43
2745,42
2746,74
2747,48
2748,42
2749,57
2750,64
2751,78
2752,64
2753,79
2754,53
2755,53
2756,71
2757,70
2758,63
2759,79
2760,71
2761,71
2762,51
2763,51
2764,54
2765,43
2766,42
2767,46
2768,47
2769,72
2770,71
2771,64
2772,65
2773,50
2774,79
2775,154
2776,79
2777,65
2778,51
2779,45
2780,55
2781,44
2782,55
2783,44
2784,53
2785,65
2786,71
2787,65
2788,64
2789,75
2790,55
2791,51
2792,43
2793,44
2794,65
2795,48
2796,56
2797,43
2798,43
2799,65
2800,55
2801,65
2802,60
2803,43
2804,61
2805,60
2806,66
2807,73
2808,59
2809,61
2810,56
2811,64
2812,59
2813,44
2814,43
2815,52
2816,55
2817,45
2818,43
2819,49
2820,49
2821,48
2822,46
2823,43
2824,69
2825,72
2826,49
2827,65
2828,55
2829,51
2830,71
2831,61
2832,56
2833,74
2834,65
2835,55
2836,57
2837,46
2838,49
2839,44
2840,44
2841,44
2842,43
2843,44
2844,74
2845,61
2846,61
2847,57
2848,61
2849,56
2850,61
2851,60
2852,43
2853,44
2854,68
2855,45
2856,47
2857,58
2858,50
2859,45
2860,67
2861,57
2862,61
2863,67
2864,77
2865,52
2866,49
2867,67
2868,68
2869,68
2870,57
2871,61
2872,62
2873,47
2874,47
2875,45
2876,46
2877,46
2878,49
2879,47
2880,47
2881,47
2882,50
2883,44
2884,44
2885,49
2886,44
2887,59
2888,54
2889,61
2890,44
2891,44
2892,62
2893,61
2894,57
2895,49
2896,44
2897,77
2898,61
2899,58
2900,57
2901,46
2902,59
2903,53
2904,50
2905,46
2906,56
2907,63
2908,45
2909,74
2910,58
2911,62
2912,57
2913,63
2914,45
2915,57
2916,62
2917,57
2918,68
2919,47
2920,53
2921,61
2922,50
2923,53
2924,47
2925,45
2926,45
2927,48
2928,48
2929,45
2930,47
2931,69
2932,53
2933,75
2934,74
2935,62
2936,63
2937,68
2938,68
2939,63
2940,58
2941,63
2942,54
2943,68
2944,64
2945,47
2946,46
2947,51
2948,52
2949,46
2950,46
2951,46
2952,47
2953,45
2954,46
2955,54
2956,84
2957,64
2958,77
2959,69
2960,64
2961,59
2962,46
2963,69
2964,59
2965,64
2966,51
2967,54
2968,69
2969,69
2970,69
2971,45
2972,46
2973,59
2974,58
2975,55
2976,51
2977,51
2978,47
2979,55
2980,64
2981,69
2982,84
2983,65
2984,45
2985,63
2986,54
2987,63
2988,63
2989,59
2990,53
2991,124
2992,52
2993,63
2994,55
2995,69
2996,46
2997,46
2998,46
2999,71
3000,46
3001,87
3002,69
3003,51
3004,56
3005,64
3006,70
3007,47
3008,59
3009,46
3010,64
3011,46
3012,46
3013,46
3014,46
3015,65
3016,69
3017,48
3018,87
3019,78
3020,56
3021,71
3022,47
3023,46
3024,64
3025,64
3026,46
3027,60
3028,65
3029,66
3030,56
3031,63
3032,101
3033,71
3034,48
3035,58
3036,56
3037,80
3038,77
3039,71
3040,56
3041,65
3042,70
3043,65
3044,70
3045,68
3046,60
3047,50
3048,53
3049,49
3050,47
3051,56
3052,57
3053,53
3054,53
3055,77
3056,65
3057,65
3058,65
3059,46
3060,49
3061,76
3062,71
3063,66
3064,56
3065,47
3066,47
3067,64
3068,53
3069,49
3070,47
3071,56
3072,48
3073,50
3074,72
3075,64
3076,54
3077,65
3078,60
3079,48
3080,60
3081,57
3082,72
3083,66
3084,67
3085,50
3086,57
3087,57
3088,49
3089,52
3090,50
3091,52
3092,49
3093,61
3094,47
3095,51
3096,51
3097,48
3098,47
3099,87
3100,47
3101,57
3102,62
3103,89
3104,66
3105,49
3106,57
3107,78
3108,66
3109,66
3110,47
3111,47
3112,65
3113,65
3114,66
3115,65
3116,47
3117,48
3118,57
3119,54
3120,53
3121,54
3122,48
3123,51
3124,55
3125,54
3126,54
3127,48
3128,49
3129,48
3130,54
3131,63
3132,73
3133,72
3134,61
3135,86
3136,67
3137,73
3138,67
3139,67
3140,66
3141,61
3142,49
3143,48
3144,55
3145,60
3146,51
3147,53
3148,48
3149,53
3150,58
3151,57
3152,48
3153,58
3154,54
3155,51
3156,60
3157,54
3158,54
3159,61
3160,61
3161,50
3162,48
3163,95
3164,73
3165,90
3166,58
3167,77
3168,62
3169,73
3170,54
3171,72
3172,67
3173,67
3174,49
3175,51
3176,49
3177,48
3178,48
3179,54
3180,48
3181,49
3182,58
3183,58
3184,49
3185,48
3186,48
3187,68
3188,81
3189,75
3190,83
3191,63
3192,55
3193,49
3194,49
3195,75
3196,68
3197,59
3198,55
3199,51
3200,49
3201,49
3202,49
3203,49
3204,50
3205,49
3206,49
3207,52
3208,54
3209,54
3210,49
3211,58
3212,50
3213,121
3214,50
3215,68
3216,69
3217,67
3218,49
3219,51
3220,76
3221,69
3222,63
3223,51
3224,73
3225,59
3226,75
3227,74
3228,49
3229,51
3230,50
3231,49
3232,52
3233,104
3234,74
3235,59
3236,67
3237,68
3238,74
3239,49
3240,55
3241,50
3242,68
3243,58
3244,62
3245,56
3246,49
3247,56
3248,53
3249,55
3250,56
3251,56
3252,56
3253,64
3254,56
3255,56
3256,83
3257,76
3258,83
3259,76
3260,76
3261,76
3262,51
3263,64
3264,75
3265,74
3266,70
3267,51
3268,50
3269,50
3270,57
3271,52
3272,51
3273,57
3274,76
3275,76
3276,69
3277,77
3278,61
3279,70
3280,76
3281,81
3282,76
3283,52
3284,50
3285,51
3286,60
3287,93
3288,65
3289,71
3290,53
3291,78
3292,53
3293,83
3294,50
3295,78
3296,51
3297,71
3298,77
3299,77
3300,78
3301,56
3302,57
3303,69
3304,51
3305,52
3306,51
3307,54
3308,70
3309,57
3310,51
3311,65
3312,53
3313,51
3314,50
3315,84
3316,72
3317,70
3318,77
3319,58
3320,61
3321,51
3322,64
3323,57
3324,57
3325,55
3326,51
3327,55
3328,62
3329,51
3330,51
3331,57
3332,71
3333,77
3334,67
3335,65
3336,65
3337,78
3338,71
3339,71
3340,65
3341,65
3342,89
3343,77
3344,65
3345,77
3346,60
3347,71
3348,52
3349,54
3350,88
3351,83
3352,78
3353,71
3354,72
3355,66
3356,72
3357,66
3358,72
3359,66
3360,51
3361,51
3362,58
3363,94
3364,51
3365,58
3366,57
3367,57
3368,71
3369,78
3370,62
3371,67
3372,67
3373,67
3374,63
3375,71
3376,54
3377,84
3378,71
3379,65
3380,51
3381,53
3382,52
3383,52
3384,52
3385,58
3386,58
3387,53
3388,58
3389,54
3390,54
3391,60
3392,52
3393,58
3394,52
3395,53
3396,58
3397,59
3398,52
3399,80
3400,73
3401,55
3402,67
3403,85
3404,67
3405,52
3406,63
3407,89
3408,87
3409,78
3410,56
3411,55
3412,72
3413,66
3414,56
3415,52
3416,81
3417,80
3418,78
3419,71
3420,66
3421,72
3422,67
3423,73
3424,86
3425,72
3426,67
3427,85
3428,74
3429,73
3430,52
3431,72
3432,73
3433,53
3434,53
3435,72
3436,63
3437,90
3438,62
3439,68
3440,92
3441,67
3442,72
3443,52
3444,52
3445,79
3446,58
3447,52
3448,54
3449,76
3450,60
3451,55
3452,75
3453,56
3454,88
3455,60
3456,58
3457,68
3458,68
3459,74
3460,64
3461,63
3462,92
3463,74
3464,74
3465,74
3466,68
3467,68
3468,64
3469,73
3470,55
3471,53
3472,56
3473,56
3474,56
3475,53
3476,55
3477,65
3478,75
3479,81
3480,75
3481,90
3482,75
3483,68
3484,68
3485,72
3486,92
3487,55
3488,56
3489,73
3490,81
3491,75
3492,69
3493,80
3494,75
3495,81
3496,68
3497,81
3498,75
3499,73
3500,74
3501,80
3502,69
3503,63
3504,81
3505,75
3506,69
3507,54
3508,75
3509,56
3510,60
3511,54
3512,56
3513,61
3514,57
3515,60
3516,58
3517,60
3518,64
3519,56
3520,64
3521,54
3522,90
3523,101
3524,83
3525,75
3526,53
3527,53
3528,53
3529,53
3530,75
3531,65
3532,55
3533,71
3534,54
3535,62
3536,58
3537,54
3538,54
3539,54
3540,54
3541,54
3542,58
3543,58
3544,58
3545,58
3546,54
3547,81
3548,76
3549,91
3550,76
3551,75
3552,74
3553,84
3554,91
3555,55
3556,82
3557,60
3558,71
3559,57
3560,77
3561,77
3562,77
3563,58
3564,55
3565,58
3566,60
3567,55
3568,72
3569,55
3570,55
3571,54
3572,77
3573,65
3574,59
3575,55
3576,90
3577,76
3578,91
3579,77
3580,75
3581,77
3582,56
3583,70
3584,149
3585,95
3586,77
3587,84
3588,69
3589,89
3590,76
3591,55
3592,63
3593,63
3594,65
3595,57
3596,54
3597,65
3598,56
3599,55
3600,113
3601,70
3602,93
3603,103
3604,58
3605,75
3606,75
3607,56
3608,65
3609,95
3610,81
3611,74
3612,68
3613,76
3614,83
3615,61
3616,61
3617,57
3618,55
3619,61
3620,55
3621,56
3622,57
3623,56
3624,55
3625,55
3626,59
3627,61
3628,70
3629,66
3630,62
3631,55
3632,56
3633,76
3634,76
3635,85
3636,83
3637,61
3638,70
3639,83
3640,56
3641,71
3642,77
3643,64
3644,62
3645,78
3646,84
3647,84
3648,104
3649,84
3650,70
3651,58
3652,84
3653,78
3654,71
3655,56
3656,55
3657,66
3658,96
3659,62
3660,92
3661,71
3662,56
3663,56
3664,64
3665,74
3666,56
3667,59
3668,63
3669,62
3670,104
3671,77
3672,92
3673,76
3674,76
3675,77
3676,78
3677,62
3678,84
3679,71
3680,77
3681,77
3682,63
3683,77
3684,72
3685,78
3686,63
3687,59
3688,85
3689,86
3690,104
3691,77
3692,79
3693,77
3694,79
3695,63
3696,91
3697,72
3698,64
3699,63
3700,61
3701,63
3702,57
3703,71
3704,59
3705,56
3706,85
3707,105
3708,85
3709,56
3710,56
3711,72
3712,57
3713,72
3714,66
3715,72
3716,59
3717,63
3718,68
3719,57
3720,57
3721,56
3722,68
3723,59
3724,68
3725,62
3726,107
3727,68
3728,61
3729,87
3730,73
3731,73
3732,79
3733,79
3734,73
3735,60
3736,64
3737,64
3738,64
3739,57
3740,57
3741,57
3742,57
3743,58
3744,59
3745,58
3746,59
3747,58
3748,61
3749,65
3750,61
3751,95
3752,95
3753,86
3754,78
3755,64
3756,79
3757,68
3758,57
3759,79
3760,65
3761,57
3762,58
3763,57
3764,59
3765,65
3766,76
3767,65
3768,77
3769,62
3770,57
3771,58
3772,57
3773,58
3774,65
3775,66
3776,57
3777,61
3778,58
3779,61
3780,88
3781,75
3782,87
3783,74
3784,86
3785,75
3786,57
3787,58
3788,58
3789,88
3790,80
3791,75
3792,65
3793,62
3794,57
3795,59
3796,59
3797,59
3798,64
3799,59
3800,62
3801,61
3802,69
3803,74
3804,64
3805,75
3806,80
3807,88
3808,98
3809,81
3810,61
3811,82
3812,74
3813,58
3814,89
3815,102
3816,75
3817,58
3818,59
3819,61
3820,66
3821,59
3822,58
3823,78
3824,89
3825,65
3826,61
3827,76
3828,77
3829,65
3830,65
3831,74
3832,116
3833,97
3834,65
3835,89
3836,110
3837,75
3838,80
3839,62
3840,58
3841,80
3842,81
3843,65
3844,86
3845,106
3846,70
3847,58
3848,58
3849,65
3850,61
3851,67
3852,61
3853,62
3854,65
3855,61
3856,70
3857,71
3858,61
3859,60
3860,76
3861,99
3862,88
3863,82
3864,82
3865,81
3866,102
3867,76
3868,75
3869,90
3870,70
3871,61
3872,75
3873,66
3874,76
3875,75
3876,81
3877,89
3878,89
3879,91
3880,83
3881,67
3882,75
3883,105
3884,101
3885,66
3886,90
3887,91
3888,89
3889,70
3890,81
3891,87
3892,90
3893,66
3894,59
3895,71
3896,74
3897,90
3898,88
3899,70
3900,90
3901,72
3902,71
3903,83
3904,76
3905,90
3906,90
3907,84
3908,83
3909,96
3910,67
3911,59
3912,77
3913,68
3914,60
3915,104
3916,78
3917,113
3918,92
3919,77
3920,62
3921,71
3922,61
3923,90
3924,93
3925,61
3926,59
3927,71
3928,68
3929,61
3930,64
3931,61
3932,72
3933,60
3934,63
3935,72
3936,61
3937,128
3938,83
3939,91
3940,84
3941,77
3942,61
3943,77
3944,91
3945,68
3946,93
3947,68
3948,98
3949,69
3950,60
3951,60
3952,60
3953,60
3954,85
3955,79
3956,68
3957,68
3958,72
3959,61
3960,62
3961,81
3962,68
3963,60
3964,90
3965,62
3966,73
3967,77
3968,103
3969,67
3970,92
3971,100
3972,91
3973,68
3974,78
3975,93
3976,83
3977,78
3978,101
3979,85
3980,61
3981,69
3982,74
3983,61
3984,68
3985,61
3986,61
3987,68
3988,84
3989,101
3990,92
3991,84
3992,68
3993,63
3994,86
3995,74
3996,102
3997,73
3998,78
3999,68
4000,93
4001,103
4002,92
4003,79
4004,85
4005,98
4006,85
4007,104
4008,78
4009,85
4010,92
4011,93
4012,86
4013,92
4014,79
4015,85
4016,62
4017,61
4018,64
4019,69
4020,62
4021,64
4022,69
4023,61
4024,65
4025,69
4026,69
4027,65
4028,63
4029,74
4030,65
4031,74
4032,79
4033,62
4034,61
4035,61
4036,129
4037,86
4038,69
4039,86
4040,103
4041,65
4042,66
4043,64
4044,69
4045,65
4046,66
4047,66
4048,84
4049,114
4050,127
4051,87
4052,79
4053,62
4054,108
4055,86
4056,79
4057,79
4058,107
4059,66
4060,81
4061,69
4062,63
4063,81
4064,71
4065,69
4066,86
4067,102
4068,85
4069,74
4070,94
4071,97
4072,80
4073,80
4074,63
4075,63
4076,95
4077,75
4078,94
4079,103
4080,66
4081,104
4082,87
4083,80
4084,63
4085,104
4086,75
4087,80
4088,95
4089,75
4090,92
4091,86
4092,79
4093,74
4094,86
4095,70
4096,62
4097,91
4098,86
4099,104
4100,86
4101,86
4102,101
4103,94
4104,106
4105,95
4106,75
4107,63
4108,111
4109,96
4110,97
4111,63
4112,87
4113,70
4114,103
4115,118
4116,95
4117,96
4118,97
4119,96
4120,81
4121,97
4122,94
4123,94
4124,96
4125,65
4126,65
4127,64
4128,66
4129,64
4130,75
4131,71
4132,72
4133,63
4134,63
4135,63
4136,72
4137,70
4138,75
4139,109
4140,87
4141,80
4142,96
4143,66
4144,88
4145,97
4146,81
4147,87
4148,111
4149,77
4150,64
4151,107
4152,88
4153,96
4154,95
4155,85
4156,97
4157,81
4158,64
4159,81
4160,96
4161,96
4162,89
4163,88
4164,77
4165,98
4166,64
4167,90
4168,88
4169,96
4170,88
4171,71
4172,66
4173,64
4174,106
4175,76
4176,65
4177,66
4178,67
4179,96
4180,82
4181,97
4182,92
4183,71
4184,64
4185,67
4186,71
4187,67
4188,68
4189,71
4190,77
4191,102
4192,107
4193,97
4194,97
4195,97
4196,76
4197,77
4198,72
4199,89
4200,64
4201,67
4202,106
4203,80
4204,82
4205,66
4206,97
4207,82
4208,83
4209,247
4210,102
4211,77
4212,77
4213,83
4214,68
4215,83
4216,98
4217,90
4218,77
4219,65
4220,73
4221,65
4222,64
4223,66
4224,77
4225,65
4226,64
4227,69
4228,77
4229,65
4230,84
4231,90
4232,72
4233,78
4234,68
4235,73
4236,133
4237,77
4238,65
4239,120
4240,90
4241,141
4242,123
4243,122
4244,90
4245,183
4246,108
4247,97
4248,83
4249,82
4250,84
4251,83
4252,83
4253,84
4254,68
4255,141
4256,79
4257,65
4258,90
4259,78
4260,92
4261,91
4262,65
4263,92
4264,84
4265,83
4266,68
4267,65
4268,73
4269,72
4270,65
4271,67
4272,84
4273,66
4274,69
4275,77
4276,89
4277,138
4278,91
4279,90
4280,106
4281,91
4282,84
4283,92
4284,91
4285,99
4286,82
4287,68
4288,69
4289,100
4290,109
4291,115
4292,73
4293,93
4294,123
4295,111
4296,92
4297,111
4298,66
4299,100
4300,73
4301,73
4302,65
4303,115
4304,78
4305,92
4306,91
4307,101
4308,74
4309,74
4310,74
4311,83
4312,69
4313,91
4314,65
4315,100
4316,91
4317,92
4318,78
4319,67
4320,103
4321,78
4322,74
4323,70
4324,70
4325,69
4326,74
4327,71
4328,68
4329,69
4330,66
4331,67
4332,91
4333,93
4334,66
4335,67
4336,67
4337,66
4338,84
4339,93
4340,101
4341,91
4342,100
4343,85
4344,67
4345,106
4346,85
4347,92
4348,75
4349,84
4350,81
4351,66
4352,70
4353,68
4354,66
4355,66
4356,67
4357,68
4358,68
4359,66
4360,110
4361,75
4362,85
4363,70
4364,115
4365,94
4366,93
4367,92
4368,85
4369,79
4370,67
4371,68
4372,110
4373,67
4374,67
4375,80
4376,76
4377,74
4378,85
4379,75
4380,94
4381,103
4382,113
4383,94
4384,80
4385,69
4386,69
4387,103
4388,67
4389,93
4390,117
4391,71
4392,68
4393,67
4394,75
4395,81
4396,85
4397,75
4398,92
4399,101
4400,95
4401,67
4402,103
4403,95
4404,93
4405,93
4406,68
4407,86
4408,74
4409,75
4410,75
4411,80
4412,76
4413,70
4414,115
4415,75
4416,112
4417,81
4418,86
4419,80
4420,117
4421,103
4422,87
4423,71
4424,119
4425,85
4426,76
4427,75
4428,68
4429,80
4430,87
4431,113
4432,102
4433,81
4434,88
4435,69
4436,94
4437,102
4438,95
4439,93
4440,68
4441,96
4442,120
4443,68
4444,75
4445,75
4446,69
4447,69
4448,75
4449,68
4450,112
4451,92
4452,103
4453,86
4454,87
4455,118
4456,105
4457,100
4458,86
4459,87
4460,72
4461,68
4462,68
4463,68
4464,71
4465,77
4466,84
4467,105
4468,86
4469,113
4470,71
4471,110
4472,117
4473,101
4474,94
4475,87
4476,88
4477,68
4478,68
4479,69
4480,69
4481,85
4482,68
4483,77
4484,70
4485,95
4486,104
4487,83
4488,96
4489,89
4490,88
4491,76
4492,82
4493,89
4494,94
4495,95
4496,105
4497,104
4498,73
4499,116
4500,95
4501,70
4502,69
4503,78
4504,95
4505,88
4506,99
4507,78
4508,73
4509,77
4510,70
4511,69
4512,138
4513,88
4514,95
4515,136
4516,96
4517,97
4518,89
4519,94
4520,104
4521,98
4522,92
4523,88
4524,96
4525,106
4526,104
4527,106
4528,97
4529,77
4530,95
4531,100
4532,70
4533,96
4534,70
4535,95
4536,105
4537,89
4538,82
4539,69
4540,69
4541,98
4542,121
4543,96
4544,88
4545,87
4546,88
4547,82
4548,96
4549,69
4550,69
4551,122
4552,106
4553,70
4554,107
4555,106
4556,105
4557,106
4558,98
4559,106
4560,115
4561,105
4562,90
4563,89
4564,97
4565,105
4566,97
4567,97
4568,89
4569,98
4570,83
4571,69
4572,74
4573,122
4574,118
4575,91
4576,101
4577,105
4578,97
4579,97
4580,83
4581,89
4582,120
4583,70
4584,70
4585,70
4586,71
4587,77
4588,70
4589,71
4590,71
4591,71
4592,70
4593,78
4594,70
4595,70
4596,74
4597,107
4598,109
4599,98
4600,90
4601,98
4602,96
4603,97
4604,89
4605,83
4606,70
4607,86
4608,71
4609,70
4610,70
4611,74
4612,72
4613,79
4614,72
4615,73
4616,70
4617,86
4618,79
4619,74
4620,98
4621,119
4622,90
4623,106
4624,107
4625,126
4626,84
4627,79
4628,74
4629,79
4630,71
4631,75
4632,79
4633,76
4634,76
4635,71
4636,119
4637,98
4638,117
4639,117
4640,98
4641,97
4642,111
4643,99
4644,90
4645,80
4646,79
4647,90
4648,99
4649,98
4650,91
4651,107
4652,107
4653,73
4654,91
4655,135
4656,98
4657,98
4658,105
4659,71
4660,109
4661,135
4662,72
4663,92
4664,126
4665,73
4666,71
4667,99
4668,109
4669,93
4670,108
4671,99
4672,103
4673,92
4674,99
4675,75
4676,72
4677,100
4678,109
4679,122
4680,98
4681,74
4682,90
4683,77
4684,91
4685,71
4686,99
4687,77
4688,72
4689,71
4690,71
4691,77
4692,75
4693,75
4694,88
4695,101
4696,99
4697,116
4698,81
4699,72
4700,100
4701,76
4702,115
4703,99
4704,94
4705,74
4706,72
4707,71
4708,75
4709,119
4710,99
4711,71
4712,71
4713,109
4714,93
4715,95
4716,99
4717,91
4718,87
4719,86
4720,92
4721,82
4722,93
4723,82
4724,125
4725,73
4726,122
4727,86
4728,93
4729,86
4730,86
4731,87
4732,109
4733,112
4734,129
4735,81
4736,94
4737,81
4738,122
4739,128
4740,95
4741,93
4742,100
4743,100
4744,125
4745,101
4746,85
4747,102
4748,101
4749,87
4750,100
4751,93
4752,72
4753,93
4754,110
4755,82
4756,92
4757,76
4758,95
4759,72
4760,82
4761,73
4762,74
4763,82
4764,81
4765,74
4766,111
4767,73
4768,103
4769,102
4770,93
4771,76
4772,93
4773,81
4774,90
4775,124
4776,101
4777,101
4778,101
4779,101
4780,77
4781,81
4782,82
4783,87
4784,83
4785,73
4786,74
4787,103
4788,101
4789,153
4790,153
4791,103
4792,112
4793,110
4794,110
4795,102
4796,89
4797,104
4798,107
4799,89
4800,88
4801,84
4802,88
4803,82
4804,94
4805,103
4806,123
4807,102
4808,102
4809,83
4810,83
4811,123
4812,73
4813,112
4814,82
4815,74
4816,75
4817,74
4818,84
4819,97
4820,103
4821,122
4822,99
4823,101
4824,102
4825,74
4826,103
4827,95
4828,88
4829,77
4830,73
4831,78
4832,88
4833,76
4834,105
4835,125
4836,104
4837,88
4838,113
4839,123
4840,143
4841,104
4842,103
4843,98
4844,103
4845,105
4846,90
4847,83
4848,90
4849,74
4850,90
4851,77
4852,82
4853,74
4854,96
4855,89
4856,89
4857,75
4858,88
4859,78
4860,135
4861,127
4862,75
4863,138
4864,115
4865,75
4866,143
4867,104
4868,102
4869,102
4870,126
4871,84
4872,74
4873,78
4874,89
4875,75
4876,93
4877,104
4878,104
4879,124
4880,125
4881,116
4882,226
4883,75
4884,104
4885,114
4886,109
4887,112
4888,104
4889,96
4890,78
4891,91
4892,79
4893,84
4894,85
4895,98
4896,79
4897,91
4898,84
4899,89
4900,106
4901,112
4902,124
4903,113
4904,113
4905,114
4906,125
4907,90
4908,105
4909,104
4910,104
4911,104
4912,144
4913,107
4914,109
4915,117
4916,114
4917,116
4918,122
4919,75
4920,170
4921,89
4922,116
4923,91
4924,106
4925,105
4926,84
4927,90
4928,84
4929,81
4930,79
4931,75
4932,75
4933,75
4934,112
4935,104
4936,114
4937,79
4938,116
4939,115
4940,106
4941,125
4942,126
4943,114
4944,114
4945,115
4946,90
4947,128
4948,94
4949,82
4950,114
4951,163
4952,76
4953,128
4954,126
4955,104
4956,115
4957,115
4958,96
4959,76
4960,161
4961,134
4962,118
4963,106
4964,105
4965,76
4966,105
4967,124
4968,76
4969,115
4970,97
4971,76
4972,80
4973,76
4974,79
4975,76
4976,85
4977,79
4978,112
4979,115
4980,116
4981,115
4982,76
4983,104
4984,98
4985,171
4986,106
4987,76
4988,91
4989,78
4990,77
4991,86
4992,77
4993,76
4994,85
4995,93
4996,120
4997,84
4998,76
4999,81
5000,80
5001,97
5002,118
5003,116
5004,106
5005,99
5006,122
5007,98
5008,105
5009,98
5010,87
5011,106
5012,77
5013,106
5014,127
5015,106
5016,106
5017,88
5018,133
5019,88
5020,98
5021,146
5022,99
5023,77
5024,78
5025,86
5026,136
5027,81
5028,80
5029,92
5030,116
5031,107
5032,87
5033,78
5034,77
5035,119
5036,100
5037,88
5038,113
5039,77
5040,103
5041,77
5042,93
5043,166
5044,80
5045,77
5046,76
5047,76
5048,90
5049,87
5050,77
5051,77
5052,77
5053,77
5054,77
5055,82
5056,77
5057,103
5058,77
5059,111
5060,107
5061,116
5062,77
5063,112
5064,109
5065,94
5066,101
5067,108
5068,110
5069,79
5070,87
5071,86
5072,109
5073,77
5074,77
5075,94
5076,125
5077,91
5078,92
5079,98
5080,77
5081,108
5082,100
5083,116
5084,107
5085,107
5086,132
5087,103
5088,78
5089,86
5090,77
5091,77
5092,93
5093,85
5094,132
5095,100
5096,96
5097,86
5098,93
5099,105
5100,93
5101,120
5102,110
5103,110
5104,78
5105,78
5106,77
5107,109
5108,93
5109,113
5110,78
5111,108
5112,80
5113,129
5114,78
5115,99
5116,78
5117,101
5118,108
5119,78
5120,109
5121,83
5122,78
5123,93
5124,93
5125,100
5126,115
5127,133
5128,129
5129,102
5130,119
5131,108
5132,121
5133,101
5134,102
5135,99
5136,85
5137,78
5138,78
5139,137
5140,109
5141,80
5142,88
5143,81
5144,78
5145,89
5146,83
5147,84
5148,79
5149,79
5150,102
5151,147
5152,94
5153,87
5154,82
5155,78
5156,127
5157,120
5158,87
5159,83
5160,84
5161,78
5162,93
5163,94
5164,83
5165,78
5166,99
5167,175
5168,140
5169,121
5170,137
5171,109
5172,111
5173,113
5174,109
5175,94
5176,83
5177,82
5178,85
5179,123
5180,88
5181,94
5182,80
5183,79
5184,81
5185,109
5186,100
5187,100
5188,80
5189,82
5190,82
5191,94
5192,109
5193,120
5194,113
5195,82
5196,79
5197,83
5198,85
5199,81
5200,90
5201,90
5202,88
5203,79
5204,79
5205,88
5206,79
5207,79
5208,90
5209,89
5210,91
5211,104
5212,110
5213,121
5214,95
5215,124
5216,89
5217,107
5218,103
5219,116
5220,101
5221,111
5222,96
5223,82
5224,80
5225,82
5226,96
5227,80
5228,81
5229,95
5230,120
5231,131
5232,84
5233,111
5234,112
5235,103
5236,95
5237,80
5238,89
5239,89
5240,91
5241,84
5242,80
5243,94
5244,96
5245,81
5246,122
5247,121
5248,95
5249,92
5250,111
5251,121
5252,133
5253,123
5254,123
5255,102
5256,103
5257,97
5258,81
5259,84
5260,84
5261,84
5262,80
5263,96
5264,134
5265,132
5266,103
5267,111
5268,121
5269,102
5270,111
5271,121
5272,81
5273,90
5274,98
5275,95
5276,82
5277,83
5278,81
5279,106
5280,90
5281,88
5282,91
5283,82
5284,81
5285,87
5286,104
5287,112
5288,123
5289,97
5290,113
5291,85
5292,81
5293,107
5294,111
5295,96
5296,82
5297,81
5298,82
5299,89
5300,85
5301,115
5302,81
5303,101
5304,99
5305,140
5306,121
5307,85
5308,82
5309,98
5310,111
5311,114
5312,81
5313,96
5314,85
5315,84
5316,81
5317,87
5318,81
5319,81
5320,102
5321,82
5322,92
5323,99
5324,99
5325,81
5326,91
5327,123
5328,85
5329,138
5330,97
5331,101
5332,104
5333,103
5334,96
5335,97
5336,81
5337,82
5338,81
5339,130
5340,84
5341,82
5342,87
5343,82
5344,81
5345,106
5346,99
5347,86
5348,83
5349,83
5350,124
5351,106
5352,123
5353,113
5354,82
5355,146
5356,83
5357,104
5358,83
5359,90
5360,91
5361,85
5362,82
5363,82
5364,85
5365,82
5366,82
5367,135
5368,94
5369,116
5370,125
5371,112
5372,88
5373,98
5374,144
5375,91
5376,91
5377,162
5378,84
5379,91
5380,99
5381,82
5382,82
5383,121
5384,97
5385,101
5386,113
5387,114
5388,105
5389,82
5390,82
5391,106
5392,125
5393,83
5394,84
5395,87
5396,82
5397,93
5398,85
5399,84
5400,88
5401,114
5402,116
5403,87
5404,92
5405,110
5406,105
5407,105
5408,107
5409,116
5410,124
5411,123
5412,108
5413,84
5414,109
5415,93
5416,100
5417,99
5418,101
5419,117
5420,148
5421,125
5422,92
5423,116
5424,87
5425,84
5426,117
5427,124
5428,93
5429,83
5430,93
5431,99
5432,84
5433,97
5434,83
5435,107
5436,139
5437,115
5438,93
5439,87
5440,115
5441,115
5442,106
5443,95
5444,83
5445,92
5446,100
5447,93
5448,88
5449,85
5450,93
5451,99
5452,84
5453,84
5454,86
5455,88
5456,84
5457,83
5458,106
5459,116
5460,156
5461,140
5462,126
5463,106
5464,101
5465,115
5466,87
5467,84
5468,93
5469,86
5470,95
5471,105
5472,95
5473,94
5474,140
5475,189
5476,140
5477,100
5478,115
5479,88
5480,84
5481,111
5482,106
5483,94
5484,93
5485,87
5486,95
5487,106
5488,94
5489,86
5490,94
5491,139
5492,89
5493,94
5494,126
5495,119
5496,116
5497,100
5498,102
5499,84
5500,100
5501,164
5502,110
5503,84
5504,86
5505,88
5506,86
5507,87
5508,84
5509,100
5510,100
5511,90
5512,85
5513,83
5514,85
5515,128
5516,139
5517,93
5518,125
5519,106
5520,100
5521,138
5522,114
5523,106
5524,83
5525,83
5526,93
5527,84
5528,84
5529,85
5530,84
5531,92
5532,94
5533,85
5534,88
5535,84
5536,84
5537,117
5538,160
5539,128
5540,94
5541,129
5542,159
5543,143
5544,117
5545,94
5546,128
5547,109
5548,118
5549,118
5550,109
5551,84
5552,86
5553,120
5554,122
5555,96
5556,120
5557,118
5558,130
5559,129
5560,181
5561,101
5562,96
5563,119
5564,132
5565,106
5566,140
5567,162
5568,97
5569,109
5570,109
5571,109
5572,111
5573,111
5574,104
5575,97
5576,160
5577,128
5578,108
5579,117
5580,95
5581,95
5582,85
5583,120
5584,91
5585,85
5586,88
5587,85
5588,94
5589,103
5590,86
5591,87
5592,119
5593,130
5594,130
5595,135
5596,89
5597,118
5598,108
5599,85
5600,121
5601,118
5602,91
5603,85
5604,85
5605,85
5606,87
5607,86
5608,86
5609,159
5610,128
5611,138
5612,102
5613,90
5614,85
5615,111
5616,120
5617,95
5618,110
5619,87
5620,89
5621,91
5622,96
5623,111
5624,103
5625,98
5626,144
5627,97
5628,131
5629,120
5630,96
5631,90
5632,96
5633,132
5634,121
5635,130
5636,85
5637,86
5638,87
5639,88
5640,87
5641,162
5642,90
5643,109
5644,182
5645,87
5646,120
5647,110
5648,86
5649,86
5650,146
5651,97
5652,98
5653,97
5654,89
5655,87
5656,139
5657,86
5658,120
5659,104
5660,143
5661,86
5662,132
5663,129
5664,129
5665,119
5666,86
5667,103
5668,86
5669,91
5670,86
5671,110
5672,130
5673,88
5674,93
5675,132
5676,108
5677,120
5678,111
5679,145
5680,121
5681,92
5682,112
5683,112
5684,87
5685,90
5686,88
5687,86
5688,98
5689,87
5690,104
5691,87
5692,135
5693,146
5694,129
5695,100
5696,87
5697,121
5698,121
5699,90
5700,121
5701,87
5702,88
5703,113
5704,92
5705,89
5706,87
5707,87
5708,134
5709,111
5710,134
5711,131
5712,146
5713,122
5714,98
5715,120
5716,88
5717,103
5718,111
5719,87
5720,91
5721,89
5722,111
5723,111
5724,98
5725,127
5726,92
5727,88
5728,106
5729,90
5730,187
5731,88
5732,87
5733,114
5734,92
5735,91
5736,104
5737,133
5738,87
5739,122
5740,105
5741,121
5742,152
5743,87
5744,105
5745,102
5746,92
5747,105
5748,88
5749,88
5750,87
5751,88
5752,98
5753,99
5754,133
5755,107
5756,145
5757,111
5758,104
5759,105
5760,135
5761,112
5762,179
5763,104
5764,100
5765,88
5766,106
5767,88
5768,88
5769,90
5770,89
5771,125
5772,190
5773,100
5774,137
5775,109
5776,99
5777,98
5778,122
5779,124
5780,115
5781,179
5782,94
5783,100
5784,89
5785,91
5786,88
5787,134
5788,164
5789,91
5790,99
5791,118
5792,133
5793,134
5794,101
5795,89
5796,106
5797,106
5798,90
5799,96
5800,101
5801,94
5802,114
5803,89
5804,89
5805,147
5806,137
5807,177
5808,113
5809,135
5810,106
5811,105
5812,135
5813,99
5814,99
5815,89
5816,89
5817,94
5818,89
5819,89
5820,89
5821,90
5822,96
5823,117
5824,93
5825,89
5826,89
5827,89
5828,95
5829,91
5830,103
5831,92
5832,90
5833,114
5834,115
5835,115
5836,113
5837,114
5838,100
5839,92
5840,88
5841,134
5842,123
5843,94
5844,89
5845,90
5846,94
5847,89
5848,100
5849,149
5850,123
5851,177
5852,142
5853,107
5854,124
5855,94
5856,103
5857,100
5858,145
5859,95
5860,92
5861,102
5862,100
5863,90
5864,89
5865,91
5866,127
5867,90
5868,115
5869,125
5870,124
5871,107
5872,124
5873,114
5874,114
5875,107
5876,100
5877,93
5878,90
5879,94
5880,96
5881,101
5882,101
5883,115
5884,152
5885,149
5886,137
5887,146
5888,124
5889,94
5890,135
5891,164
5892,90
5893,106
5894,92
5895,89
5896,99
5897,89
5898,151
5899,89
5900,92
5901,148
5902,90
5903,134
5904,108
5905,135
5906,124
5907,94
5908,99
5909,106
5910,91
5911,101
5912,92
5913,99
5914,89
5915,90
5916,103
5917,137
5918,136
5919,117
5920,146
5921,107
5922,110
5923,95
5924,115
5925,124
5926,131
5927,90
5928,91
5929,95
5930,103
5931,90
5932,96
5933,109
5934,108
5935,108
5936,190
5937,136
5938,91
5939,116
5940,115
5941,136
5942,116
5943,143
5944,108
5945,116
5946,128
5947,110
5948,126
5949,127
5950,214
5951,91
5952,116
5953,132
5954,144
5955,92
5956,136
5957,125
5958,152
5959,126
5960,91
5961,91
5962,92
5963,102
5964,139
5965,129
5966,102
5967,112
5968,110
5969,91
5970,92
5971,97
5972,104
5973,145
5974,117
5975,136
5976,120
5977,150
5978,92
5979,91
5980,93
5981,156
5982,125
5983,101
5984,101
5985,101
5986,109
5987,102
5988,92
5989,91
5990,108
5991,92
5992,108
5993,97
5994,109
5995,92
5996,151
5997,151
5998,111
5999,117
6000,102
6001,130
6002,110
6003,92
6004,96
6005,95
6006,108
6007,95
6008,93
6009,165
6010,93
6011,130
6012,104
6013,153
6014,138
6015,138
6016,141
6017,139
6018,109
6019,110
6020,172
6021,102
6022,92
6023,103
6024,92
6025,186
6026,102
6027,92
6028,109
6029,142
6030,94
6031,143
6032,128
6033,138
6034,110
6035,110
6036,119
6037,94
6038,92
6039,92
6040,104
6041,105
6042,92
6043,109
6044,139
6045,105
6046,128
6047,112
6048,143
6049,139
6050,117
6051,118
6052,120
6053,145
6054,95
6055,105
6056,104
6057,95
6058,95
6059,94
6060,112
6061,127
6062,129
6063,121
6064,170
6065,132
6066,111
6067,131
6068,140
6069,122
6070,93
6071,97
6072,92
6073,92
6074,93
6075,142
6076,130
6077,128
6078,128
6079,190
6080,111
6081,104
6082,128
6083,103
6084,128
6085,115
6086,98
6087,97
6088,93
6089,94
6090,93
6091,144
6092,130
6093,159
6094,137
6095,120
6096,112
6097,93
6098,128
6099,98
6100,96
6101,112
6102,120
6103,93
6104,96
6105,93
6106,93
6107,165
6108,112
6109,142
6110,119
6111,158
6112,93
6113,138
6114,98
6115,100
6116,131
6117,106
6118,98
6119,113
6120,94
6121,100
6122,120
6123,143
6124,147
6125,119
6126,125
6127,104
6128,130
6129,129
6130,121
6131,119
6132,93
6133,140
6134,112
6135,105
6136,111
6137,98
6138,95
6139,93
6140,99
6141,104
6142,93
6143,99
6144,93
6145,98
6146,143
6147,98
6148,113
6149,95
6150,104
6151,130
6152,112
6153,133
6154,107
6155,112
6156,122
6157,106
6158,132
6159,130
6160,119
6161,163
6162,101
6163,95
6164,94
6165,114
6166,94
6167,95
6168,108
6169,133
6170,121
6171,112
6172,141
6173,112
6174,122
6175,130
6176,103
6177,120
6178,94
6179,141
6180,94
6181,120
6182,95
6183,113
6184,107
6185,147
6186,106
6187,154
6188,102
6189,97
6190,100
6191,135
6192,129
6193,129
6194,94
6195,100
6196,108
6197,219
6198,112
6199,98
6200,108
6201,121
6202,159
6203,97
6204,113
6205,131
6206,113
6207,130
6208,95
6209,132
6210,132
6211,97
6212,133
6213,122
6214,106
6215,96
6216,94
6217,97
6218,98
6219,96
6220,94
6221,98
6222,99
6223,95
6224,132
6225,131
6226,135
6227,124
6228,115
6229,132
6230,143
6231,143
6232,122
6233,121
6234,97
6235,95
6236,95
6237,106
6238,95
6239,109
6240,128
6241,134
6242,187
6243,131
6244,98
6245,142
6246,132
6247,112
6248,143
6249,131
6250,122
6251,94
6252,96
6253,96
6254,97
6255,95
6256,95
6257,96
6258,152
6259,122
6260,179
6261,113
6262,145
6263,96
6264,123
6265,97
6266,146
6267,118
6268,146
6269,161
6270,149
6271,100
6272,182
6273,148
6274,179
6275,109
6276,97
6277,98
6278,122
6279,98
6280,192
6281,145
6282,107
6283,123
6284,114
6285,148
6286,145
6287,100
6288,100
6289,97
6290,122
6291,98
6292,134
6293,104
6294,132
6295,124
6296,107
6297,146
6298,123
6299,142
6300,96
6301,135
6302,96
6303,96
6304,96
6305,98
6306,95
6307,104
6308,177
6309,145
6310,95
6311,125
6312,116
6313,134
6314,132
6315,97
6316,95
6317,173
6318,98
6319,95
6320,113
6321,106
6322,100
6323,95
6324,125
6325,198
6326,162
6327,125
6328,103
6329,98
6330,109
6331,114
6332,146
6333,121
6334,114
6335,160
6336,149
6337,145
6338,115
6339,96
6340,97
6341,116
6342,146
6343,103
6344,135
6345,148
6346,135
6347,116
6348,162
6349,123
6350,139
6351,135
6352,124
6353,102
6354,135
6355,105
6356,175
6357,162
6358,160
6359,134
6360,142
6361,106
6362,106
6363,97
6364,153
6365,164
6366,109
6367,108
6368,153
6369,95
6370,106
6371,114
6372,159
6373,146
6374,124
6375,146
6376,122
6377,98
6378,97
6379,114
6380,124
6381,98
6382,97
6383,97
6384,146
6385,149
6386,101
6387,97
6388,100
6389,124
6390,163
6391,97
6392,146
6393,134
6394,148
6395,112
6396,98
6397,136
6398,148
6399,147
6400,164
6401,169
6402,141
6403,110
6404,98
6405,139
6406,127
6407,125
6408,138
6409,137
6410,201
6411,98
6412,126
6413,157
6414,148
6415,127
6416,137
6417,110
6418,112
6419,119
6420,105
6421,118
6422,110
6423,98
6424,98
6425,118
6426,98
6427,112
6428,108
6429,101
6430,98
6431,99
6432,151
6433,112
6434,103
6435,117
6436,98
6437,118
6438,104
6439,103
6440,137
6441,111
6442,100
6443,111
6444,98
6445,127
6446,119
6447,149
6448,111
6449,185
6450,167
6451,155
6452,105
6453,135
6454,125
6455,131
6456,149
6457,138
6458,167
6459,166
6460,159
6461,135
6462,99
6463,109
6464,99
6465,105
6466,126
6467,99
6468,99
6469,99
6470,119
6471,110
6472,112
6473,111
6474,102
6475,105
6476,139
6477,104
6478,127
6479,136
6480,118
6481,111
6482,118
6483,151
6484,105
6485,99
6486,111
6487,106
6488,111
6489,119
6490,138
6491,150
6492,151
6493,149
6494,136
6495,100
6496,100
6497,127
6498,143
6499,111
6500,138
6501,99
6502,111
6503,117
6504,99
6505,100
6506,100
6507,99
6508,149
6509,167
6510,138
6511,99
6512,149
6513,127
6514,136
6515,110
6516,118
6517,118
6518,118
6519,137
6520,102
6521,100
6522,118
6523,118
6524,112
6525,120
6526,111
6527,101
6528,99
6529,100
6530,112
6531,119
6532,102
6533,127
6534,132
6535,105
6536,106
6537,112
6538,106
6539,101
6540,139
6541,138
6542,127
6543,128
6544,129
6545,145
6546,114
6547,115
6548,100
6549,120
6550,101
6551,214
6552,157
6553,138
6554,102
6555,100
6556,138
6557,154
6558,100
6559,105
6560,138
6561,106
6562,102
6563,99
6564,100
6565,99
6566,106
6567,112
6568,165
6569,105
6570,119
6571,138
6572,138
6573,151
6574,138
6575,121
6576,101
6577,100
6578,107
6579,104
6580,112
6581,101
6582,103
6583,105
6584,140
6585,167
6586,113
6587,102
6588,100
6589,174
6590,126
6591,119
6592,139
6593,126
6594,107
6595,106
6596,100
6597,100
6598,136
6599,100
6600,130
6601,104
6602,146
6603,138
6604,111
6605,218
6606,130
6607,121
6608,101
6609,110
6610,102
6611,134
6612,102
6613,106
6614,102
6615,102
6616,100
6617,130
6618,119
6619,141
6620,120
6621,139
6622,140
6623,106
6624,103
6625,110
6626,101
6627,163
6628,104
6629,176
6630,113
6631,101
6632,102
6633,101
6634,170
6635,129
6636,154
6637,114
6638,101
6639,101
6640,121
6641,156
6642,143
6643,103
6644,109
6645,102
6646,107
6647,103
6648,114
6649,105
6650,104
6651,130
6652,130
6653,102
6654,132
6655,144
6656,140
6657,106
6658,149
6659,114
6660,113
6661,105
6662,115
6663,115
6664,115
6665,101
6666,162
6667,156
6668,125
6669,104
6670,107
6671,107
6672,141
6673,104
6674,106
6675,100
6676,102
6677,113
6678,101
6679,113
6680,102
6681,113
6682,130
6683,171
6684,170
6685,154
6686,140
6687,145
6688,148
6689,140
6690,154
6691,101
6692,107
6693,113
6694,113
6695,130
6696,121
6697,102
6698,115
6699,152
6700,172
6701,140
6702,154
6703,114
6704,189
6705,142
6706,142
6707,103
6708,104
6709,116
6710,120
6711,107
6712,104
6713,102
6714,132
6715,141
6716,176
6717,103
6718,155
6719,123
6720,108
6721,173
6722,130
6723,128
6724,131
6725,108
6726,101
6727,115
6728,114
6729,102
6730,102
6731,102
6732,112
6733,170
6734,145
6735,109
6736,116
6737,127
6738,170
6739,115
6740,107
6741,143
6742,172
6743,122
6744,106
6745,133
6746,102
6747,132
6748,115
6749,208
6750,143
6751,155
6752,133
6753,206
6754,206
6755,208
6756,197
6757,106
6758,130
6759,103
6760,103
6761,138
6762,156
6763,154
6764,132
6765,172
6766,110
6767,104
6768,213
6769,219
6770,151
6771,208
6772,129
6773,234
6774,133
6775,190
6776,144
6777,132
6778,187
6779,119
6780,109
6781,129
6782,220
6783,108
6784,107
6785,123
6786,221
6787,147
6788,215
6789,148
6790,104
6791,104
6792,103
6793,105
6794,159
6795,133
6796,133
6797,136
6798,161
6799,146
6800,117
6801,124
6802,104
6803,158
6804,144
6805,110
6806,119
6807,119
6808,160
6809,125
6810,117
6811,111
6812,106
6813,181
6814,136
6815,156
6816,126
6817,152
6818,106
6819,105
6820,106
6821,104
6822,104
6823,104
6824,126
6825,125
6826,145
6827,143
6828,176
6829,160
6830,154
6831,111
6832,111
6833,117
6834,147
6835,134
6836,110
6837,105
6838,129
6839,163
6840,147
6841,173
6842,148
6843,108
6844,105
6845,126
6846,118
6847,107
6848,105
6849,105
6850,148
6851,104
6852,116
6853,109
6854,114
6855,172
6856,174
6857,177
6858,112
6859,107
6860,134
6861,136
6862,116
6863,170
6864,125
6865,159
6866,194
6867,107
6868,120
6869,107
6870,127
6871,147
6872,134
6873,124
6874,156
6875,158
6876,149
6877,120
6878,125
6879,125
6880,108
6881,105
6882,121
6883,119
6884,112
6885,107
6886,187
6887,149
6888,143
6889,226
6890,176
6891,119
6892,135
6893,137
6894,109
6895,146
6896,147
6897,104
6898,161
6899,109
6900,162
6901,105
6902,128
6903,191
6904,136
6905,226
6906,171
6907,200
6908,138
6909,129
6910,105
6911,119
6912,204
6913,169
6914,148
6915,112
6916,133
6917,129
6918,248
6919,178
6920,163
6921,137
6922,127
6923,128
6924,130
6925,114
6926,201
6927,114
6928,156
6929,161
6930,163
6931,180
6932,201
6933,162
6934,147
6935,178
6936,162
6937,138
6938,106
6939,107
6940,107
6941,132
6942,146
6943,149
6944,177
6945,128
6946,227
6947,207
6948,138
6949,130
6950,115
6951,122
6952,107
6953,171
6954,135
6955,121
6956,162
6957,179
6958,112
6959,174
6960,162
6961,177
6962,129
6963,138
6964,138
6965,107
6966,109
6967,129
6968,129
6969,181
6970,210
6971,119
6972,120
6973,162
6974,138
6975,132
6976,179
6977,211
6978,114
6979,107
6980,108
6981,107
6982,119
6983,107
6984,114
6985,107
6986,107
6987,111
6988,114
6989,113
6990,130
6991,108
6992,209
6993,116
6994,112
6995,223
6996,114
6997,227
6998,277
6999,109
7000,108
7001,150
7002,115
7003,113
7004,122
7005,117
7006,203
7007,182
7008,138
7009,166
7010,203
7011,108
7012,108
7013,114
7014,137
7015,106
7016,150
7017,111
7018,128
7019,120
7020,288
7021,189
7022,230
7023,114
7024,132
7025,164
7026,158
7027,121
7028,107
7029,129
7030,110
7031,132
7032,140
7033,155
7034,204
7035,152
7036,130
7037,151
7038,150
7039,122
7040,222
7041,227
7042,109
7043,198
7044,234
7045,234
7046,221
7047,344
7048,139
7049,132
7050,131
7051,167
7052,163
7053,132
7054,124
7055,131
7056,110
7057,109
7058,130
7059,109
7060,109
7061,111
7062,122
7063,139
7064,113
7065,117
7066,164
7067,114
7068,123
7069,153
7070,111
7071,110
7072,143
7073,109
7074,110
7075,166
7076,183
7077,161
7078,110
7079,191
7080,165
7081,159
7082,132
7083,124
7084,123
7085,142
7086,115
7087,131
7088,109
7089,141
7090,116
7091,142
7092,113
7093,145
7094,168
7095,167
7096,131
7097,124
7098,134
7099,132
7100,110
7101,141
7102,188
7103,158
7104,117
7105,110
7106,153
7107,113
7108,110
7109,111
7110,140
7111,109
7112,123
7113,108
7114,109
7115,121
7116,141
7117,109
7118,140
7119,159
7120,109
7121,116
7122,139
7123,186
7124,131
7125,115
7126,142
7127,112
7128,112
7129,114
7130,110
7131,118
7132,136
7133,163
7134,110
7135,187
7136,153
7137,110
7138,111
7139,181
7140,167
7141,153
7142,135
7143,142
7144,159
7145,127
7146,127
7147,112
7148,112
7149,110
7150,110
7151,110
7152,138
7153,123
7154,110
7155,110
7156,196
7157,186
7158,188
7159,204
7160,158
7161,114
7162,205
7163,169
7164,125
7165,146
7166,110
7167,117
7168,134
7169,114
7170,110
7171,114
7172,110
7173,133
7174,133
7175,129
7176,116
7177,115
7178,182
7179,141
7180,167
7181,124
7182,126
7183,114
7184,185
7185,153
7186,132
7187,126
7188,142
7189,111
7190,133
7191,144
7192,169
7193,123
7194,153
7195,178
7196,134
7197,186
7198,134
7199,110
7200,167
7201,111
7202,133
7203,112
7204,134
7205,228
7206,126
7207,131
7208,173
7209,185
7210,169
7211,189
7212,162
7213,113
7214,128
7215,142
7216,110
7217,143
7218,113
7219,138
7220,186
7221,126
7222,168
7223,170
7224,167
7225,114
7226,153
7227,117
7228,111
7229,111
7230,123
7231,111
7232,125
7233,111
7234,111
7235,144
7236,184
7237,185
7238,132
7239,125
7240,111
7241,157
7242,135
7243,169
7244,115
7245,113
7246,111
7247,115
7248,110
7249,135
7250,136
7251,138
7252,118
7253,134
7254,113
7255,113
7256,111
7257,134
7258,112
7259,170
7260,112
7261,124
7262,111
7263,113
7264,111
7265,134
7266,139
7267,112
7268,118
7269,111
7270,152
7271,125
7272,118
7273,116
7274,111
7275,133
7276,112
7277,125
7278,119
7279,112
7280,116
7281,126
7282,136
7283,111
7284,135
7285,156
7286,112
7287,112
7288,134
7289,111
7290,134
7291,111
7292,133
7293,126
7294,172
7295,135
7296,154
7297,125
7298,132
7299,125
7300,117
7301,111
7302,115
7303,111
7304,143
7305,111
7306,125
7307,196
7308,184
7309,132
7310,113
7311,168
7312,124
7313,142
7314,134
7315,132
7316,111
7317,134
7318,111
7319,112
7320,121
7321,112
7322,135
7323,170
7324,155
7325,188
7326,187
7327,187
7328,171
7329,162
7330,180
7331,173
7332,119
7333,120
7334,126
7335,123
7336,124
7337,124
7338,138
7339,136
7340,125
7341,161
7342,136
7343,210
7344,169
7345,141
7346,116
7347,116
7348,111
7349,111
7350,136
7351,127
7352,112
7353,144
7354,140
7355,153
7356,115
7357,194
7358,192
7359,174
7360,184
7361,130
7362,130
7363,135
7364,117
7365,159
7366,123
7367,134
7368,126
7369,125
7370,111
7371,166
7372,119
7373,126
7374,115
7375,112
7376,112
7377,134
7378,175
7379,169
7380,202
7381,154
7382,119
7383,181
7384,120
7385,117
7386,138
7387,128
7388,118
7389,118
7390,117
7391,115
7392,114
7393,116
7394,126
7395,121
7396,113
7397,125
7398,112
7399,111
7400,112
7401,130
7402,157
7403,112
7404,138
7405,112
7406,157
7407,144
7408,159
7409,114
7410,132
7411,144
7412,118
7413,112
7414,127
7415,148
7416,113
7417,112
7418,114
7419,119
7420,117
7421,170
7422,188
7423,113
7424,114
7425,173
7426,173
7427,157
7428,120
7429,136
7430,164
7431,121
7432,136
7433,115
7434,117
7435,113
7436,161
7437,120
7438,115
7439,125
7440,113
7441,113
7442,137
7443,204
7444,145
7445,126
7446,113
7447,170
7448,136
7449,157
7450,114
7451,157
7452,162
7453,120
7454,127
7455,128
7456,189
7457,117
7458,127
7459,189
7460,173
7461,114
7462,117
7463,128
7464,197
7465,136
7466,117
7467,136
7468,113
7469,113
7470,113
7471,113
7472,113
7473,137
7474,118
7475,112
7476,142
7477,112
7478,112
7479,136
7480,115
7481,191
7482,188
7483,171
7484,144
7485,141
7486,175
7487,145
7488,126
7489,126
7490,129
7491,136
7492,136
7493,120
7494,158
7495,192
7496,113
7497,128
7498,113
7499,115
7500,120
7501,113
7502,113
7503,139
7504,116
7505,113
7506,114
7507,137
7508,168
7509,145
7510,146
7511,157
7512,126
7513,114
7514,129
7515,114
7516,118
7517,114
7518,116
7519,119
7520,129
7521,120
7522,121
7523,114
7524,119
7525,128
7526,114
7527,122
7528,113
7529,173
7530,190
7531,158
7532,137
7533,179
7534,125
7535,118
7536,173
7537,114
7538,132
7539,114
7540,114
7541,145
7542,114
7543,114
7544,114
7545,116
7546,115
7547,114
7548,114
7549,114
7550,114
7551,115
7552,115
7553,138
7554,116
7555,138
7556,159
7557,172
7558,132
7559,153
7560,175
7561,137
7562,137
7563,141
7564,175
7565,137
7566,116
7567,137
7568,121
7569,115
7570,121
7571,128
7572,175
7573,146
7574,192
7575,130
7576,117
7577,115
7578,115
7579,137
7580,122
7581,133
7582,129
7583,138
7584,118
7585,134
7586,138
7587,139
7588,119
7589,162
7590,130
7591,122
7592,149
7593,221
7594,137
7595,179
7596,117
7597,208
7598,119
7599,124
7600,121
7601,116
7602,139
7603,116
7604,116
7605,115
7606,117
7607,115
7608,115
7609,191
7610,131
7611,116
7612,122
7613,138
7614,118
7615,244
7616,241
7617,176
7618,195
7619,188
7620,132
7621,129
7622,176
7623,125
7624,162
7625,166
7626,163
7627,147
7628,171
7629,150
7630,169
7631,156
7632,162
7633,228
7634,141
7635,165
7636,175
7637,141
7638,204
7639,117
7640,217
7641,117
7642,124
7643,165
7644,122
7645,117
7646,118
7647,117
7648,138
7649,168
7650,178
7651,150
7652,150
7653,124
7654,196
7655,188
7656,195
7657,131
7658,225
7659,199
7660,123
7661,133
7662,141
7663,124
7664,125
7665,194
7666,203
7667,118
7668,193
7669,190
7670,196
7671,198
7672,119
7673,178
7674,157
7675,155
7676,132
7677,126
7678,332
7679,251
7680,201
7681,154
7682,136
7683,118
7684,118
7685,120
7686,252
7687,167
7688,154
7689,153
7690,144
7691,142
7692,144
7693,213
7694,166
7695,124
7696,153
7697,198
7698,171
7699,133
7700,134
7701,224
7702,308
7703,153
7704,154
7705,184
7706,164
7707,260
7708,224
7709,166
7710,198
7711,165
7712,143
7713,143
7714,137
7715,199
7716,119
7717,141
7718,144
7719,262
7720,215
7721,173
7722,165
7723,221
7724,163
7725,174
7726,121
7727,152
7728,165
7729,198
7730,365
7731,154
7732,185
7733,191
7734,184
7735,132
7736,144
7737,119
7738,121
7739,119
7740,119
7741,121
7742,176
7743,120
7744,161
7745,153
7746,199
7747,123
7748,145
7749,168
7750,119
7751,166
7752,143
7753,125
7754,162
7755,178
7756,130
7757,134
7758,158
7759,260
7760,180
7761,156
7762,200
7763,168
7764,155
7765,124
7766,135
7767,262
7768,155
7769,200
7770,145
7771,120
7772,202
7773,202
7774,200
7775,128
7776,187
7777,138
7778,129
7779,129
7780,137
7781,183
7782,147
7783,133
7784,168
7785,128
7786,145
7787,202
7788,124
7789,129
7790,182
7791,145
7792,165
7793,157
7794,126
7795,161
7796,136
7797,146
7798,156
7799,145
7800,137
7801,135
7802,183
7803,168
7804,128
7805,144
7806,145
7807,135
7808,144
7809,206
7810,203
7811,137
7812,192
7813,187
7814,128
7815,224
7816,122
7817,328
7818,185
7819,135
7820,193
7821,135
7822,138
7823,203
7824,175
7825,186
7826,170
7827,154
7828,185
7829,199
7830,145
7831,185
7832,145
7833,128
7834,167
7835,121
7836,136
7837,148
7838,156
7839,156
7840,184
7841,187
7842,128
7843,155
7844,128
7845,184
7846,202
7847,137
7848,123
7849,121
7850,176
7851,137
7852,148
7853,146
7854,218
7855,193
7856,156
7857,182
7858,120
7859,181
7860,167
7861,213
7862,181
7863,168
7864,123
7865,182
7866,185
7867,137
7868,135
7869,155
7870,228
7871,156
7872,202
7873,120
7874,185
7875,156
7876,156
7877,171
7878,137
7879,168
7880,186
7881,121
7882,158
7883,145
7884,156
7885,137
7886,204
7887,137
7888,186
7889,168
7890,167
7891,163
7892,184
7893,172
7894,130
7895,155
7896,145
7897,255
7898,129
7899,125
7900,133
7901,146
7902,171
7903,180
7904,167
7905,127
7906,167
7907,121
7908,154
7909,137
7910,127
7911,154
7912,120
7913,167
7914,184
7915,134
7916,121
7917,137
7918,121
7919,123
7920,182
7921,144
7922,202
7923,145
7924,169
7925,125
7926,129
7927,137
7928,146
7929,168
7930,184
7931,146
7932,121
7933,121
7934,121
7935,175
7936,125
7937,157
7938,121
7939,212
7940,141
7941,123
7942,157
7943,125
7944,136
7945,169
7946,127
7947,187
7948,202
7949,145
7950,209
7951,135
7952,155
7953,205
7954,137
7955,145
7956,129
7957,283
7958,172
7959,156
7960,145
7961,130
7962,141
7963,196
7964,143
7965,208
7966,173
7967,177
7968,130
7969,180
7970,157
7971,172
7972,137
7973,149
7974,227
7975,170
7976,189
7977,185
7978,170
7979,161
7980,186
7981,157
7982,148
7983,140
7984,190
7985,148
7986,205
7987,127
7988,209
7989,158
7990,147
7991,171
7992,138
7993,266
7994,158
7995,189
7996,217
7997,148
7998,140
7999,191
8000,205
8001,205
8002,143
8003,123
8004,138
8005,132
8006,231
8007,148
8008,129
8009,160
8010,206
8011,159
8012,155
8013,189
8014,177
8015,124
8016,158
8017,159
8018,173
8019,231
8020,162
8021,188
8022,125
8023,207
8024,270
8025,189
8026,225
8027,149
8028,123
8029,124
8030,188
8031,138
8032,149
8033,138
8034,148
8035,139
8036,148
8037,123
8038,141
8039,140
8040,189
8041,191
8042,172
8043,231
8044,171
8045,188
8046,205
8047,124
8048,137
8049,186
8050,204
8051,188
8052,157
8053,148
8054,234
8055,206
8056,138
8057,210
8058,131
8059,149
8060,123
8061,123
8062,172
8063,188
8064,191
8065,159
8066,212
8067,186
8068,130
8069,148
8070,188
8071,206
8072,177
8073,231
8074,172
8075,137
8076,147
8077,127
8078,134
8079,191
8080,132
8081,132
8082,125
8083,186
8084,157
8085,125
8086,123
8087,132
8088,139
8089,123
8090,124
8091,127
8092,140
8093,124
8094,186
8095,127
8096,138
8097,125
8098,160
8099,147
8100,124
8101,130
8102,144
8103,124
8104,138
8105,150
8106,145
8107,128
8108,219
8109,145
8110,167
8111,123
8112,132
8113,169
8114,128
8115,134
8116,138
8117,122
8118,148
8119,189
8120,123
8121,178
8122,206
8123,158
8124,172
