n,time
0,0
1,0
2,0
3,0
4,0
5,0
6,0
7,0
8,0
9,0
10,0
11,0
12,0
13,0
14,0
15,0
16,0
17,1
18,0
19,0
20,0
21,0
22,0
23,1
24,0
25,0
26,0
27,0
28,0
29,0
30,0
31,0
32,1
33,1
34,0
35,0
36,0
37,0
38,1
39,1
40,0
41,0
42,0
43,0
44,0
45,0
46,0
47,1
48,1
49,0
50,0
51,0
52,0
53,0
54,0
55,0
56,0
57,0
58,0
59,0
60,0
61,0
62,0
63,1
64,0
65,1
66,1
67,0
68,0
69,0
70,1
71,0
72,1
73,0
74,1
75,1
76,1
77,0
78,0
79,1
80,1
81,1
82,1
83,0
84,1
85,1
86,1
87,1
88,0
89,0
90,1
91,1
92,1
93,1
94,1
95,1
96,1
97,1
98,1
99,1
100,1
101,1
102,0
103,1
104,1
105,0
106,1
107,1
108,2
109,1
110,1
111,1
112,1
113,1
114,1
115,1
116,1
117,1
118,1
119,1
120,1
121,1
122,1
123,1
124,1
125,1
126,1
127,1
128,1
129,4
130,2
131,1
132,1
133,1
134,1
135,1
136,1
137,1
138,1
139,1
140,1
141,1
142,1
143,1
144,1
145,1
146,1
147,1
148,1
149,1
150,1
151,1
152,1
153,1
154,1
155,1
156,1
157,1
158,1
159,1
160,1
161,1
162,2
163,4
164,2
165,1
166,3
167,2
168,2
169,2
170,1
171,1
172,1
173,1
174,1
175,2
176,1
177,2
178,2
179,2
180,1
181,1
182,2
183,2
184,2
185,1
186,1
187,1
188,1
189,2
190,1
191,2
192,2
193,2
194,2
195,1
196,1
197,1
198,1
199,1
200,2
201,2
202,1
203,1
204,2
205,1
206,1
207,1
208,1
209,2
210,1
211,1
212,1
213,1
214,2
215,2
216,2
217,1
218,1
219,1
220,2
221,1
222,2
223,2
224,2
225,2
226,1
227,2
228,1
229,2
230,2
231,1
232,1
233,1
234,2
235,1
236,2
237,1
238,1
239,1
240,2
241,1
242,1
243,1
244,1
245,1
246,1
247,2
248,2
249,1
250,2
251,1
252,1
253,1
254,1
255,1
256,1
257,5
258,5
259,4
260,4
261,4
262,4
263,4
264,4
265,4
266,5
267,5
268,4
269,5
270,5
271,4
272,4
273,4
274,4
275,4
276,4
277,5
278,6
279,4
280,5
281,5
282,5
283,5
284,5
285,4
286,4
287,4
288,5
289,4
290,5
291,4
292,4
293,5
294,5
295,5
296,5
297,4
298,42
299,9
300,7
301,5
302,5
303,5
304,5
305,5
306,5
307,5
308,5
309,5
310,6
311,5
312,5
313,6
314,5
315,5
316,5
317,5
318,5
319,5
320,5
321,8
322,5
323,11
324,8
325,6
326,7
327,7
328,5
329,5
330,5
331,7
332,6
333,5
334,6
335,5
336,7
337,5
338,6
339,6
340,6
341,6
342,5
343,5
344,5
345,6
346,5
347,5
348,5
349,5
350,5
351,6
352,5
353,5
354,11
355,6
356,6
357,6
358,5
359,5
360,5
361,5
362,5
363,6
364,7
365,5
366,5
367,6
368,6
369,5
370,6
371,5
372,6
373,5
374,6
375,5
376,6
377,5
378,5
379,6
380,6
381,5
382,6
383,5
384,6
385,6
386,8
387,7
388,6
389,6
390,6
391,6
392,8
393,6
394,5
395,6
396,6
397,6
398,6
399,6
400,5
401,6
402,6
403,5
404,5
405,6
406,6
407,6
408,6
409,6
410,8
411,6
412,6
413,6
414,7
415,7
416,10
417,6
418,6
419,6
420,6
421,6
422,6
423,6
424,9
425,8
426,6
427,7
428,8
429,6
430,7
431,7
432,8
433,6
434,6
435,6
436,6
437,8
438,7
439,7
440,12
441,6
442,6
443,8
444,7
445,8
446,6
447,6
448,6
449,6
450,7
451,7
452,6
453,6
454,6
455,8
456,12
457,6
458,6
459,6
460,6
461,6
462,6
463,6
464,6
465,6
466,6
467,6
468,7
469,8
470,7
471,6
472,6
473,6
474,7
475,8
476,8
477,6
478,7
479,7
480,7
481,7
482,6
483,8
484,7
485,6
486,7
487,7
488,8
489,8
490,8
491,9
492,7
493,10
494,8
495,10
496,8
497,8
498,9
499,7
500,7
501,6
502,7
503,7
504,9
505,7
506,6
507,6
508,8
509,8
510,7
511,7
512,7
513,8
514,8
515,8
516,9
517,8
518,8
519,8
520,7
521,9
522,8
523,8
524,8
525,8
526,7
527,8
528,8
529,8
530,7
531,8
532,8
533,9
534,8
535,8
536,9
537,8
538,8
539,7
540,8
541,8
542,8
543,8
544,8
545,10
546,8
547,8
548,8
549,8
550,8
551,8
552,9
553,10
554,8
555,9
556,8
557,8
558,10
559,8
560,7
561,8
562,8
563,9
564,8
565,9
566,8
567,8
568,8
569,8
570,8
571,8
572,8
573,8
574,8
575,8
576,9
577,11
578,7
579,10
580,8
581,8
582,8
583,9
584,26
585,8
586,8
587,8
588,10
589,11
590,8
591,9
592,8
593,8
594,8
595,8
596,8
597,8
598,9
599,16
600,8
601,8
602,8
603,8
604,8
605,8
606,9
607,8
608,8
609,8
610,9
611,9
612,9
613,8
614,9
615,8
616,8
617,9
618,9
619,8
620,9
621,8
622,9
623,9
624,9
625,9
626,8
627,8
628,9
629,8
630,9
631,9
632,8
633,9
634,10
635,9
636,10
637,8
638,8
639,9
640,8
641,9
642,8
643,9
644,9
645,9
646,9
647,9
648,9
649,9
650,9
651,9
652,80
653,9
654,9
655,9
656,9
657,9
658,10
659,10
660,9
661,8
662,9
663,9
664,9
665,9
666,9
667,9
668,9
669,9
670,9
671,9
672,9
673,9
674,9
675,9
676,9
677,8
678,10
679,10
680,21
681,9
682,10
683,10
684,9
685,10
686,9
687,9
688,11
689,9
690,8
691,10
692,9
693,10
694,9
695,12
696,10
697,10
698,9
699,10
700,11
701,10
702,9
703,9
704,9
705,11
706,9
707,9
708,9
709,9
710,10
711,9
712,10
713,10
714,9
715,10
716,10
717,10
718,9
719,9
720,11
721,11
722,9
723,9
724,9
725,9
726,10
727,9
728,10
729,9
730,10
731,10
732,9
733,9
734,10
735,10
736,9
737,10
738,10
739,11
740,10
741,10
742,10
743,9
744,12
745,10
746,10
747,10
748,10
749,10
750,9
751,10
752,9
753,10
754,10
755,10
756,9
757,10
758,10
759,10
760,11
761,11
762,10
763,9
764,9
765,9
766,12
767,10
768,10
769,10
770,10
771,10
772,10
773,10
774,10
775,9
776,10
777,11
778,10
779,10
780,9
781,12
782,10
783,11
784,9
785,12
786,10
787,10
788,10
789,10
790,10
791,10
792,10
793,10
794,9
795,10
796,10
797,13
798,11
799,12
800,11
801,10
802,11
803,11
804,12
805,10
806,10
807,11
808,10
809,10
810,10
811,10
812,10
813,10
814,11
815,11
816,11
817,11
818,11
819,10
820,12
821,10
822,10
823,13
824,10
825,10
826,11
827,10
828,10
829,10
830,11
831,11
832,11
833,10
834,11
835,11
836,11
837,11
838,11
839,11
840,11
841,10
842,11
843,9
844,11
845,11
846,11
847,10
848,11
849,11
850,11
851,11
852,12
853,11
854,11
855,11
856,11
857,12
858,10
859,10
860,11
861,11
862,11
863,11
864,11
865,11
866,12
867,11
868,12
869,11
870,12
871,11
872,11
873,15
874,12
875,12
876,11
877,11
878,11
879,12
880,11
881,11
882,12
883,11
884,11
885,11
886,11
887,11
888,12
889,14
890,13
891,11
892,12
893,12
894,11
895,13
896,11
897,11
898,12
899,11
900,11
901,12
902,11
903,11
904,11
905,11
906,11
907,12
908,16
909,12
910,11
911,11
912,14
913,13
914,12
915,12
916,11
917,11
918,12
919,12
920,13
921,11
922,11
923,11
924,11
925,12
926,12
927,11
928,13
929,11
930,11
931,12
932,11
933,12
934,12
935,12
936,11
937,11
938,11
939,11
940,14
941,12
942,12
943,11
944,11
945,12
946,12
947,12
948,12
949,12
950,11
951,11
952,12
953,12
954,12
955,11
956,11
957,11
958,12
959,12
960,12
961,13
962,12
963,11
964,12
965,12
966,12
967,12
968,12
969,12
970,12
971,12
972,12
973,12
974,12
975,12
976,12
977,11
978,12
979,12
980,12
981,12
982,12
983,11
984,12
985,13
986,12
987,12
988,15
989,13
990,13
991,13
992,14
993,13
994,13
995,12
996,12
997,12
998,11
999,12
1000,20
1001,12
1002,15
1003,12
1004,12
1005,12
1006,13
1007,12
1008,13
1009,12
1010,12
1011,13
1012,13
1013,12
1014,12
1015,13
1016,12
1017,13
1018,13
1019,12
1020,13
1021,16
1022,12
1023,12
1024,12
1025,14
1026,14
1027,14
1028,15
1029,14
1030,14
1031,14
1032,14
1033,15
1034,15
1035,15
1036,13
1037,14
1038,14
1039,15
1040,15
1041,14
1042,15
1043,13
1044,15
1045,14
1046,13
1047,14
1048,15
1049,15
1050,16
1051,15
1052,14
1053,15
1054,18
1055,15
1056,14
1057,14
1058,14
1059,15
1060,15
1061,15
1062,18
1063,15
1064,15
1065,15
1066,15
1067,15
1068,15
1069,20
1070,15
1071,15
1072,14
1073,14
1074,14
1075,14
1076,14
1077,15
1078,15
1079,13
1080,14
1081,15
1082,15
1083,15
1084,15
1085,15
1086,19
1087,15
1088,15
1089,15
1090,14
1091,16
1092,17
1093,15
1094,14
1095,15
1096,16
1097,15
1098,15
1099,14
1100,14
1101,15
1102,15
1103,18
1104,15
1105,14
1106,14
1107,18
1108,19
1109,15
1110,14
1111,15
1112,14
1113,18
1114,15
1115,15
1116,16
1117,17
1118,16
1119,14
1120,14
1121,14
1122,15
1123,15
1124,15
1125,15
1126,14
1127,15
1128,15
1129,14
1130,15
1131,15
1132,15
1133,15
1134,19
1135,15
1136,65
1137,16
1138,15
1139,15
1140,15
1141,15
1142,16
1143,15
1144,19
1145,16
1146,18
1147,15
1148,16
1149,14
1150,14
1151,15
1152,20
1153,14
1154,14
1155,16
1156,15
1157,16
1158,17
1159,19
1160,16
1161,15
1162,15
1163,15
1164,16
1165,16
1166,16
1167,16
1168,14
1169,16
1170,16
1171,16
1172,16
1173,15
1174,15
1175,16
1176,16
1177,16
1178,19
1179,14
1180,16
1181,14
1182,16
1183,16
1184,14
1185,19
1186,17
1187,17
1188,16
1189,15
1190,16
1191,16
1192,15
1193,16
1194,16
1195,15
1196,15
1197,15
1198,15
1199,16
1200,20
1201,16
1202,16
1203,16
1204,18
1205,17
1206,17
1207,17
1208,15
1209,15
1210,15
1211,17
1212,19
1213,17
1214,16
1215,16
1216,16
1217,16
1218,19
1219,15
1220,15
1221,16
1222,16
1223,16
1224,20
1225,17
1226,18
1227,18
1228,16
1229,17
1230,20
1231,16
1232,15
1233,17
1234,15
1235,17
1236,16
1237,16
1238,17
1239,16
1240,17
1241,17
1242,16
1243,24
1244,18
1245,16
1246,15
1247,15
1248,16
1249,16
1250,17
1251,20
1252,16
1253,16
1254,15
1255,16
1256,15
1257,16
1258,16
1259,16
1260,15
1261,17
1262,17
1263,18
1264,16
1265,15
1266,17
1267,15
1268,17
1269,17
1270,17
1271,15
1272,17
1273,15
1274,17
1275,17
1276,17
1277,17
1278,16
1279,17
1280,17
1281,16
1282,18
1283,16
1284,18
1285,17
1286,16
1287,16
1288,20
1289,18
1290,17
1291,21
1292,24
1293,16
1294,19
1295,16
1296,19
1297,17
1298,16
1299,20
1300,17
1301,17
1302,17
1303,15
1304,17
1305,18
1306,15
1307,19
1308,17
1309,16
1310,17
1311,17
1312,17
1313,18
1314,17
1315,16
1316,17
1317,17
1318,16
1319,18
1320,16
1321,16
1322,18
1323,16
1324,17
1325,21
1326,16
1327,18
1328,17
1329,18
1330,18
1331,16
1332,18
1333,17
1334,18
1335,18
1336,16
1337,17
1338,17
1339,16
1340,19
1341,16
1342,17
1343,17
1344,18
1345,19
1346,17
1347,18
1348,17
1349,17
1350,18
1351,17
1352,17
1353,18
1354,20
1355,19
1356,17
1357,17
1358,17
1359,21
1360,18
1361,18
1362,17
1363,16
1364,17
1365,18
1366,17
1367,18
1368,17
1369,18
1370,18
1371,17
1372,17
1373,18
1374,17
1375,16
1376,18
1377,17
1378,18
1379,25
1380,18
1381,17
1382,16
1383,16
1384,18
1385,16
1386,18
1387,18
1388,17
1389,18
1390,18
1391,18
1392,17
1393,19
1394,18
1395,16
1396,18
1397,17
1398,23
1399,20
1400,17
1401,18
1402,18
1403,17
1404,17
1405,18
1406,17
1407,18
1408,17
1409,17
1410,20
1411,38
1412,18
1413,19
1414,18
1415,18
1416,16
1417,18
1418,17
1419,17
1420,18
1421,18
1422,24
1423,19
1424,17
1425,17
1426,17
1427,17
1428,19
1429,19
1430,19
1431,19
1432,18
1433,17
1434,19
1435,18
1436,18
1437,17
1438,23
1439,20
1440,18
1441,17
1442,18
1443,17
1444,19
1445,19
1446,18
1447,19
1448,19
1449,19
1450,16
1451,22
1452,17
1453,17
1454,19
1455,19
1456,20
1457,19
1458,23
1459,19
1460,23
1461,18
1462,19
1463,19
1464,18
1465,17
1466,17
1467,18
1468,17
1469,17
1470,18
1471,17
1472,18
1473,19
1474,17
1475,18
1476,23
1477,18
1478,19
1479,19
1480,19
1481,17
1482,19
1483,19
1484,27
1485,17
1486,18
1487,19
1488,18
1489,19
1490,19
1491,19
1492,19
1493,17
1494,17
1495,19
1496,19
1497,20
1498,18
1499,20
1500,20
1501,20
1502,19
1503,18
1504,18
1505,18
1506,20
1507,19
1508,18
1509,23
1510,22
1511,20
1512,21
1513,24
1514,23
1515,26
1516,27
1517,20
1518,22
1519,22
1520,28
1521,23
1522,26
1523,20
1524,27
1525,31
1526,27
1527,18
1528,26
1529,27
1530,24
1531,19
1532,24
1533,26
1534,23
1535,19
1536,19
1537,18
1538,21
1539,19
1540,22
1541,19
1542,20
1543,20
1544,20
1545,25
1546,20
1547,24
1548,19
1549,23
1550,22
1551,23
1552,21
1553,19
1554,21
1555,20
1556,20
1557,19
1558,22
1559,21
1560,19
1561,19
1562,19
1563,19
1564,20
1565,21
1566,19
1567,20
1568,21
1569,20
1570,22
1571,20
1572,20
1573,20
1574,20
1575,18
1576,20
1577,18
1578,19
1579,24
1580,21
1581,19
1582,19
1583,19
1584,18
1585,20
1586,21
1587,23
1588,21
1589,20
1590,22
1591,19
1592,19
1593,20
1594,24
1595,19
1596,19
1597,20
1598,20
1599,19
1600,19
1601,19
1602,25
1603,19
1604,21
1605,20
1606,21
1607,21
1608,19
1609,18
1610,18
1611,18
1612,21
1613,19
1614,19
1615,21
1616,19
1617,19
1618,19
1619,19
1620,19
1621,19
1622,19
1623,19
1624,19
1625,21
1626,21
1627,20
1628,21
1629,21
1630,18
1631,26
1632,19
1633,19
1634,19
1635,19
1636,19
1637,21
1638,21
1639,21
1640,21
1641,20
1642,20
1643,19
1644,22
1645,21
1646,21
1647,21
1648,21
1649,20
1650,20
1651,23
1652,22
1653,21
1654,22
1655,20
1656,21
1657,20
1658,26
1659,21
1660,20
1661,20
1662,20
1663,21
1664,18
1665,20
1666,25
1667,21
1668,20
1669,20
1670,21
1671,21
1672,20
1673,23
1674,24
1675,21
1676,21
1677,24
1678,20
1679,20
1680,21
1681,19
1682,20
1683,20
1684,21
1685,19
1686,21
1687,21
1688,21
1689,21
1690,21
1691,19
1692,21
1693,22
1694,24
1695,27
1696,21
1697,22
1698,21
1699,21
1700,23
1701,22
1702,21
1703,25
1704,20
1705,20
1706,22
1707,20
1708,25
1709,19
1710,21
1711,21
1712,19
1713,22
1714,22
1715,22
1716,22
1717,22
1718,22
1719,20
1720,19
1721,22
1722,21
1723,20
1724,22
1725,22
1726,21
1727,22
1728,22
1729,22
1730,20
1731,19
1732,22
1733,22
1734,22
1735,22
1736,20
1737,22
1738,21
1739,22
1740,20
1741,22
1742,21
1743,20
1744,20
1745,20
1746,21
1747,21
1748,20
1749,22
1750,20
1751,20
1752,19
1753,22
1754,22
1755,23
1756,22
1757,22
1758,22
1759,21
1760,22
1761,27
1762,20
1763,20
1764,35
1765,20
1766,22
1767,21
1768,22
1769,22
1770,22
1771,22
1772,25
1773,28
1774,20
1775,20
1776,20
1777,20
1778,19
1779,22
1780,23
1781,22
1782,22
1783,21
1784,21
1785,21
1786,22
1787,24
1788,23
1789,21
1790,20
1791,20
1792,22
1793,21
1794,21
1795,23
1796,21
1797,22
1798,23
1799,21
1800,23
1801,20
1802,21
1803,21
1804,21
1805,21
1806,21
1807,21
1808,26
1809,22
1810,26
1811,23
1812,23
1813,20
1814,23
1815,20
1816,23
1817,21
1818,21
1819,24
1820,21
1821,21
1822,23
1823,21
1824,21
1825,27
1826,22
1827,23
1828,30
1829,22
1830,20
1831,23
1832,23
1833,23
1834,28
1835,23
1836,23
1837,23
1838,24
1839,21
1840,24
1841,23
1842,24
1843,21
1844,21
1845,28
1846,22
1847,30
1848,22
1849,22
1850,21
1851,22
1852,24
1853,23
1854,23
1855,21
1856,23
1857,23
1858,21
1859,21
1860,35
1861,23
1862,22
1863,23
1864,27
1865,21
1866,21
1867,32
1868,22
1869,21
1870,24
1871,23
1872,23
1873,23
1874,24
1875,21
1876,23
1877,23
1878,20
1879,24
1880,24
1881,21
1882,23
1883,23
1884,23
1885,21
1886,21
1887,25
1888,24
1889,24
1890,21
1891,29
1892,21
1893,23
1894,24
1895,22
1896,24
1897,21
1898,22
1899,21
1900,23
1901,23
1902,22
1903,23
1904,23
1905,23
1906,23
1907,23
1908,26
1909,25
1910,23
1911,24
1912,138
1913,26
1914,22
1915,22
1916,22
1917,22
1918,21
1919,22
1920,21
1921,27
1922,22
1923,21
1924,23
1925,24
1926,23
1927,24
1928,21
1929,23
1930,24
1931,24
1932,24
1933,24
1934,24
1935,24
1936,24
1937,21
1938,25
1939,28
1940,25
1941,22
1942,22
1943,22
1944,23
1945,22
1946,24
1947,22
1948,23
1949,24
1950,24
1951,24
1952,24
1953,23
1954,21
1955,24
1956,24
1957,24
1958,24
1959,23
1960,28
1961,24
1962,24
1963,23
1964,22
1965,24
1966,24
1967,24
1968,25
1969,21
1970,31
1971,25
1972,24
1973,25
1974,21
1975,24
1976,24
1977,23
1978,26
1979,24
1980,23
1981,22
1982,22
1983,25
1984,24
1985,24
1986,23
1987,23
1988,39
1989,25
1990,23
1991,24
1992,24
1993,25
1994,24
1995,24
1996,25
1997,26
1998,23
1999,26
2000,24
2001,23
2002,33
2003,29
2004,25
2005,23
2006,24
2007,23
2008,24
2009,22
2010,25
2011,24
2012,25
2013,24
2014,25
2015,25
2016,22
2017,25
2018,25
2019,25
2020,25
2021,26
2022,23
2023,24
2024,26
2025,22
2026,25
2027,25
2028,28
2029,23
2030,23
2031,24
2032,23
2033,25
2034,26
2035,22
2036,25
2037,26
2038,25
2039,25
2040,25
2041,24
2042,24
2043,29
2044,23
2045,25
2046,25
2047,23
2048,25
2049,27
2050,28
2051,28
2052,28
2053,27
2054,28
2055,28
2056,38
2057,29
2058,26
2059,26
2060,28
2061,28
2062,28
2063,28
2064,26
2065,27
2066,25
2067,34
2068,25
2069,33
2070,26
2071,25
2072,28
2073,29
2074,28
2075,26
2076,28
2077,28
2078,28
2079,26
2080,26
2081,28
2082,32
2083,28
2084,29
2085,26
2086,25
2087,28
2088,26
2089,28
2090,25
2091,28
2092,28
2093,28
2094,26
2095,26
2096,28
2097,28
2098,28
2099,26
2100,25
2101,27
2102,27
2103,34
2104,27
2105,27
2106,27
2107,26
2108,26
2109,28
2110,27
2111,27
2112,29
2113,35
2114,27
2115,30
2116,26
2117,27
2118,26
2119,28
2120,29
2121,28
2122,34
2123,27
2124,29
2125,29
2126,27
2127,26
2128,26
2129,27
2130,29
2131,35
2132,28
2133,31
2134,30
2135,27
2136,28
2137,25
2138,28
2139,29
2140,29
2141,26
2142,27
2143,28
2144,27
2145,26
2146,27
2147,31
2148,26
2149,29
2150,26
2151,29
2152,29
2153,29
2154,29
2155,30
2156,29
2157,29
2158,29
2159,29
2160,29
2161,29
2162,25
2163,29
2164,27
2165,29
2166,27
2167,30
2168,29
2169,29
2170,29
2171,29
2172,29
2173,27
2174,27
2175,27
2176,36
2177,26
2178,26
2179,29
2180,30
2181,27
2182,28
2183,29
2184,29
2185,32
2186,29
2187,35
2188,30
2189,30
2190,27
2191,30
2192,29
2193,26
2194,31
2195,29
2196,27
2197,30
2198,29
2199,26
2200,26
2201,30
2202,31
2203,27
2204,32
2205,32
2206,31
2207,28
2208,29
2209,27
2210,27
2211,29
2212,29
2213,26
2214,27
2215,28
2216,28
2217,28
2218,30
2219,32
2220,32
2221,42
2222,56
2223,35
2224,28
2225,28
2226,29
2227,30
2228,31
2229,28
2230,30
2231,27
2232,27
2233,31
2234,31
2235,31
2236,31
2237,27
2238,31
2239,31
2240,31
2241,30
2242,30
2243,31
2244,32
2245,30
2246,30
2247,36
2248,31
2249,30
2250,28
2251,28
2252,30
2253,28
2254,36
2255,30
2256,26
2257,37
2258,27
2259,31
2260,31
2261,30
2262,30
2263,30
2264,27
2265,29
2266,28
2267,28
2268,42
2269,28
2270,28
2271,28
2272,28
2273,29
2274,33
2275,32
2276,30
2277,38
2278,30
2279,31
2280,31
2281,30
2282,30
2283,32
2284,32
2285,28
2286,28
2287,30
2288,29
2289,35
2290,28
2291,34
2292,28
2293,28
2294,30
2295,31
2296,31
2297,31
2298,29
2299,31
2300,29
2301,29
2302,33
2303,29
2304,30
2305,29
2306,30
2307,31
2308,31
2309,28
2310,30
2311,31
2312,31
2313,31
2314,31
2315,31
2316,31
2317,27
2318,28
2319,31
2320,38
2321,52
2322,31
2323,39
2324,30
2325,31
2326,31
2327,31
2328,29
2329,31
2330,29
2331,31
2332,31
2333,31
2334,27
2335,31
2336,31
2337,31
2338,32
2339,31
2340,35
2341,31
2342,32
2343,38
2344,31
2345,39
2346,30
2347,30
2348,28
2349,28
2350,31
2351,36
2352,31
2353,28
2354,30
2355,31
2356,31
2357,35
2358,31
2359,31
2360,33
2361,30
2362,34
2363,32
2364,29
2365,31
2366,29
2367,32
2368,31
2369,31
2370,32
2371,29
2372,30
2373,29
2374,29
2375,31
2376,29
2377,31
2378,36
2379,32
2380,37
2381,28
2382,29
2383,29
2384,29
2385,36
2386,29
2387,29
2388,29
2389,31
2390,32
2391,31
2392,32
2393,29
2394,29
2395,31
2396,34
2397,29
2398,31
2399,31
2400,38
2401,29
2402,30
2403,36
2404,29
2405,28
2406,32
2407,32
2408,28
2409,32
2410,29
2411,32
2412,29
2413,32
2414,31
2415,34
2416,29
2417,37
2418,29
2419,30
2420,37
2421,29
2422,31
2423,32
2424,29
2425,32
2426,32
2427,29
2428,32
2429,28
2430,32
2431,32
2432,32
2433,37
2434,34
2435,38
2436,29
2437,31
2438,36
2439,30
2440,30
2441,30
2442,29
2443,30
2444,32
2445,32
2446,32
2447,32
2448,29
2449,29
2450,29
2451,38
2452,30
2453,29
2454,32
2455,28
2456,28
2457,30
2458,30
2459,31
2460,32
2461,32
2462,29
2463,29
2464,30
2465,32
2466,32
2467,32
2468,32
2469,32
2470,30
2471,33
2472,32
2473,38
2474,33
2475,30
2476,32
2477,30
2478,30
2479,30
2480,38
2481,30
2482,33
2483,33
2484,32
2485,32
2486,32
2487,29
2488,33
2489,31
2490,34
2491,32
2492,30
2493,30
2494,28
2495,32
2496,40
2497,33
2498,33
2499,28
2500,33
2501,31
2502,31
2503,31
2504,30
2505,32
2506,33
2507,31
2508,33
2509,33
2510,30
2511,38
2512,29
2513,30
2514,33
2515,32
2516,31
2517,33
2518,33
2519,31
2520,32
2521,29
2522,31
2523,30
2524,32
2525,34
2526,30
2527,32
2528,105
2529,36
2530,33
2531,29
2532,31
2533,30
2534,31
2535,34
2536,33
2537,30
2538,33
2539,33
2540,47
2541,33
2542,30
2543,29
2544,30
2545,29
2546,33
2547,50
2548,30
2549,33
2550,33
2551,33
2552,31
2553,35
2554,33
2555,34
2556,33
2557,33
2558,34
2559,30
2560,31
2561,31
2562,31
2563,31
2564,30
2565,33
2566,30
2567,33
2568,42
2569,33
2570,33
2571,33
2572,33
2573,34
2574,30
2575,33
2576,30
2577,30
2578,31
2579,35
2580,30
2581,30
2582,34
2583,32
2584,34
2585,30
2586,33
2587,29
2588,33
2589,35
2590,31
2591,34
2592,30
2593,34
2594,30
2595,34
2596,39
2597,31
2598,33
2599,32
2600,33
2601,31
2602,39
2603,34
2604,34
2605,31
2606,34
2607,30
2608,34
2609,33
2610,33
2611,33
2612,33
2613,34
2614,34
2615,34
2616,34
2617,30
2618,35
2619,32
2620,33
2621,31
2622,37
2623,33
2624,32
2625,31
2626,34
2627,34
2628,34
2629,32
2630,31
2631,30
2632,31
2633,34
2634,30
2635,42
2636,34
2637,34
2638,31
2639,30
2640,34
2641,32
2642,35
2643,34
2644,32
2645,31
2646,34
2647,34
2648,34
2649,33
2650,34
2651,34
2652,34
2653,33
2654,31
2655,34
2656,35
2657,32
2658,34
2659,34
2660,34
2661,31
2662,34
2663,34
2664,34
2665,32
2666,34
2667,34
2668,33
2669,31
2670,32
2671,35
2672,34
2673,35
2674,35
2675,34
2676,35
2677,35
2678,35
2679,35
2680,43
2681,35
2682,34
2683,34
2684,31
2685,34
2686,44
2687,34
2688,34
2689,43
2690,35
2691,35
2692,34
2693,34
2694,34
2695,36
2696,37
2697,33
2698,33
2699,33
2700,33
2701,31
2702,32
2703,30
2704,34
2705,35
2706,35
2707,44
2708,34
2709,35
2710,32
2711,35
2712,34
2713,36
2714,33
2715,33
2716,31
2717,32
2718,34
2719,34
2720,32
2721,34
2722,34
2723,30
2724,34
2725,34
2726,35
2727,32
2728,32
2729,35
2730,35
2731,45
2732,36
2733,36
2734,40
2735,33
2736,35
2737,31
2738,35
2739,35
2740,35
2741,41
2742,32
2743,35
2744,35
2745,35
2746,45
2747,36
2748,32
2749,32
2750,35
2751,35
2752,34
2753,32
2754,32
2755,32
2756,37
2757,38
2758,33
2759,43
2760,38
2761,37
2762,36
2763,36
2764,36
2765,33
2766,32
2767,32
2768,36
2769,37
2770,42
2771,37
2772,34
2773,32
2774,35
2775,42
2776,46
2777,37
2778,42
2779,31
2780,32
2781,33
2782,35
2783,36
2784,32
2785,36
2786,38
2787,35
2788,35
2789,33
2790,34
2791,33
2792,36
2793,36
2794,35
2795,35
2796,36
2797,36
2798,35
2799,35
2800,32
2801,46
2802,33
2803,36
2804,46
2805,33
2806,35
2807,38
2808,38
2809,33
2810,33
2811,34
2812,33
2813,33
2814,80
2815,33
2816,41
2817,61
2818,36
2819,37
2820,36
2821,36
2822,36
2823,36
2824,40
2825,39
2826,36
2827,42
2828,36
2829,32
2830,36
2831,36
2832,33
2833,33
2834,35
2835,33
2836,32
2837,32
2838,36
2839,41
2840,32
2841,37
2842,36
2843,36
2844,36
2845,33
2846,34
2847,34
2848,34
2849,34
2850,32
2851,34
2852,36
2853,36
2854,32
2855,39
2856,37
2857,38
2858,37
2859,37
2860,39
2861,33
2862,43
2863,36
2864,36
2865,33
2866,37
2867,37
2868,36
2869,34
2870,33
2871,38
2872,34
2873,37
2874,36
2875,37
2876,37
2877,32
2878,37
2879,37
2880,37
2881,36
2882,37
2883,36
2884,47
2885,37
2886,37
2887,36
2888,34
2889,35
2890,37
2891,32
2892,42
2893,33
2894,34
2895,37
2896,37
2897,37
2898,42
2899,34
2900,46
2901,37
2902,46
2903,38
2904,37
2905,40
2906,37
2907,35
2908,38
2909,56
2910,39
2911,36
2912,34
2913,34
2914,36
2915,34
2916,34
2917,43
2918,36
2919,37
2920,37
2921,44
2922,32
2923,37
2924,32
2925,36
2926,34
2927,38
2928,37
2929,37
2930,37
2931,38
2932,37
2933,37
2934,39
2935,34
2936,36
2937,37
2938,35
2939,35
2940,34
2941,34
2942,43
2943,37
2944,39
2945,37
2946,37
2947,38
2948,38
2949,38
2950,37
2951,37
2952,44
2953,38
2954,40
2955,49
2956,33
2957,42
2958,40
2959,38
2960,35
2961,35
2962,34
2963,37
2964,37
2965,35
2966,33
2967,34
2968,43
2969,37
2970,37
2971,37
2972,37
2973,37
2974,38
2975,35
2976,38
2977,33
2978,34
2979,34
2980,35
2981,37
2982,34
2983,43
2984,34
2985,38
2986,34
2987,34
2988,34
2989,33
2990,39
2991,35
2992,38
2993,38
2994,39
2995,36
2996,38
2997,38
2998,38
2999,38
3000,35
3001,44
3002,36
3003,40
3004,38
3005,44
3006,37
3007,38
3008,35
3009,35
3010,35
3011,38
3012,33
3013,38
3014,37
3015,35
3016,39
3017,46
3018,70
3019,35
3020,34
3021,37
3022,36
3023,42
3024,37
3025,35
3026,38
3027,35
3028,36
3029,36
3030,35
3031,35
3032,35
3033,35
3034,40
3035,48
3036,38
3037,40
3038,35
3039,39
3040,36
3041,38
3042,38
3043,35
3044,37
3045,35
3046,35
3047,36
3048,34
3049,39
3050,38
3051,38
3052,40
3053,39
3054,39
3055,40
3056,35
3057,43
3058,35
3059,34
3060,39
3061,36
3062,36
3063,35
3064,35
3065,38
3066,38
3067,38
3068,35
3069,39
3070,38
3071,42
3072,37
3073,38
3074,45
3075,36
3076,41
3077,36
3078,35
3079,40
3080,39
3081,35
3082,40
3083,37
3084,36
3085,39
3086,35
3087,39
3088,39
3089,39
3090,34
3091,33
3092,34
3093,40
3094,39
3095,40
3096,40
3097,42
3098,34
3099,39
3100,40
3101,39
3102,36
3103,46
3104,38
3105,36
3106,35
3107,41
3108,36
3109,36
3110,39
3111,39
3112,37
3113,36
3114,35
3115,35
3116,35
3117,39
3118,35
3119,40
3120,41
3121,40
3122,39
3123,43
3124,40
3125,40
3126,40
3127,39
3128,39
3129,34
3130,40
3131,36
3132,39
3133,39
3134,36
3135,37
3136,34
3137,38
3138,86
3139,45
3140,50
3141,36
3142,39
3143,36
3144,34
3145,40
3146,39
3147,40
3148,39
3149,35
3150,34
3151,35
3152,34
3153,35
3154,35
3155,35
3156,133
3157,40
3158,35
3159,39
3160,49
3161,40
3162,44
3163,36
3164,36
3165,38
3166,45
3167,40
3168,105
3169,36
3170,38
3171,39
3172,42
3173,36
3174,35
3175,39
3176,35
3177,42
3178,42
3179,40
3180,39
3181,39
3182,41
3183,41
3184,40
3185,40
3186,39
3187,40
3188,41
3189,39
3190,43
3191,36
3192,40
3193,40
3194,40
3195,39
3196,38
3197,43
3198,36
3199,40
3200,34
3201,35
3202,35
3203,40
3204,40
3205,40
3206,40
3207,40
3208,40
3209,40
3210,35
3211,36
3212,40
3213,61
3214,42
3215,35
3216,41
3217,37
3218,37
3219,36
3220,39
3221,37
3222,36
3223,40
3224,34
3225,46
3226,36
3227,39
3228,37
3229,40
3230,40
3231,41
3232,38
3233,54
3234,39
3235,40
3236,37
3237,39
3238,39
3239,37
3240,40
3241,40
3242,40
3243,36
3244,50
3245,41
3246,40
3247,40
3248,40
3249,41
3250,45
3251,42
3252,42
3253,41
3254,40
3255,41
3256,43
3257,47
3258,42
3259,36
3260,41
3261,37
3262,37
3263,38
3264,39
3265,37
3266,40
3267,44
3268,41
3269,42
3270,41
3271,38
3272,41
3273,41
3274,38
3275,40
3276,46
3277,41
3278,44
3279,38
3280,40
3281,40
3282,36
3283,41
3284,42
3285,41
3286,37
3287,43
3288,38
3289,49
3290,45
3291,40
3292,41
3293,43
3294,36
3295,37
3296,43
3297,40
3298,41
3299,40
3300,41
3301,41
3302,41
3303,42
3304,36
3305,39
3306,42
3307,52
3308,42
3309,42
3310,43
3311,36
3312,41
3313,41
3314,41
3315,42
3316,39
3317,42
3318,39
3319,42
3320,43
3321,42
3322,41
3323,41
3324,41
3325,42
3326,41
3327,41
3328,42
3329,42
3330,43
3331,41
3332,39
3333,41
3334,44
3335,38
3336,38
3337,43
3338,51
3339,38
3340,41
3341,38
3342,41
3343,41
3344,47
3345,37
3346,47
3347,38
3348,40
3349,36
3350,38
3351,43
3352,40
3353,42
3354,38
3355,38
3356,38
3357,37
3358,39
3359,38
3360,42
3361,42
3362,37
3363,42
3364,42
3365,42
3366,37
3367,42
3368,43
3369,39
3370,39
3371,39
3372,38
3373,38
3374,43
3375,39
3376,39
3377,38
3378,39
3379,38
3380,42
3381,42
3382,42
3383,42
3384,45
3385,44
3386,43
3387,42
3388,42
3389,43
3390,42
3391,47
3392,45
3393,38
3394,42
3395,42
3396,43
3397,43
3398,40
3399,43
3400,49
3401,37
3402,42
3403,39
3404,39
3405,37
3406,40
3407,41
3408,41
3409,41
3410,39
3411,43
3412,38
3413,39
3414,38
3415,47
3416,133
3417,44
3418,40
3419,38
3420,38
3421,49
3422,40
3423,39
3424,69
3425,40
3426,41
3427,46
3428,39
3429,38
3430,49
3431,43
3432,39
3433,42
3434,42
3435,55
3436,39
3437,46
3438,38
3439,39
3440,39
3441,39
3442,49
3443,40
3444,40
3445,47
3446,38
3447,42
3448,43
3449,53
3450,44
3451,43
3452,43
3453,40
3454,46
3455,43
3456,37
3457,40
3458,42
3459,41
3460,39
3461,45
3462,45
3463,38
3464,38
3465,39
3466,39
3467,39
3468,38
3469,39
3470,47
3471,47
3472,47
3473,43
3474,38
3475,43
3476,42
3477,46
3478,44
3479,41
3480,40
3481,46
3482,43
3483,40
3484,39
3485,38
3486,40
3487,39
3488,60
3489,39
3490,40
3491,42
3492,41
3493,41
3494,39
3495,39
3496,41
3497,42
3498,43
3499,39
3500,39
3501,48
3502,52
3503,48
3504,41
3505,40
3506,39
3507,43
3508,44
3509,44
3510,44
3511,43
3512,43
3513,55
3514,43
3515,44
3516,39
3517,44
3518,45
3519,44
3520,42
3521,43
3522,44
3523,41
3524,43
3525,42
3526,43
3527,43
3528,43
3529,43
3530,40
3531,45
3532,43
3533,43
3534,44
3535,38
3536,39
3537,44
3538,44
3539,43
3540,43
3541,48
3542,44
3543,38
3544,38
3545,44
3546,44
3547,45
3548,44
3549,45
3550,40
3551,40
3552,40
3553,42
3554,39
3555,43
3556,46
3557,39
3558,40
3559,38
3560,46
3561,41
3562,40
3563,43
3564,44
3565,44
3566,38
3567,38
3568,44
3569,44
3570,44
3571,44
3572,47
3573,40
3574,44
3575,39
3576,52
3577,40
3578,46
3579,41
3580,39
3581,39
3582,41
3583,40
3584,40
3585,44
3586,41
3587,41
3588,45
3589,40
3590,44
3591,42
3592,49
3593,40
3594,39
3595,44
3596,44
3597,44
3598,45
3599,44
3600,46
3601,40
3602,47
3603,52
3604,40
3605,44
3606,40
3607,40
3608,45
3609,42
3610,60
3611,41
3612,42
3613,39
3614,41
3615,51
3616,44
3617,44
3618,44
3619,44
3620,44
3621,44
3622,45
3623,44
3624,44
3625,45
3626,44
3627,45
3628,40
3629,40
3630,45
3631,44
3632,44
3633,40
3634,46
3635,47
3636,42
3637,45
3638,41
3639,42
3640,40
3641,45
3642,43
3643,41
3644,45
3645,62
3646,43
3647,47
3648,51
3649,43
3650,41
3651,45
3652,42
3653,41
3654,41
3655,41
3656,43
3657,39
3658,51
3659,39
3660,51
3661,43
3662,45
3663,39
3664,39
3665,48
3666,45
3667,45
3668,45
3669,45
3670,53
3671,41
3672,46
3673,40
3674,40
3675,40
3676,40
3677,45
3678,42
3679,40
3680,40
3681,40
3682,60
3683,42
3684,42
3685,42
3686,40
3687,45
3688,44
3689,44
3690,52
3691,41
3692,41
3693,47
3694,45
3695,41
3696,46
3697,41
3698,47
3699,39
3700,41
3701,45
3702,45
3703,45
3704,45
3705,45
3706,46
3707,47
3708,46
3709,43
3710,45
3711,41
3712,44
3713,43
3714,46
3715,51
3716,45
3717,46
3718,47
3719,67
3720,89
3721,58
3722,40
3723,45
3724,43
3725,40
3726,48
3727,46
3728,43
3729,45
3730,41
3731,41
3732,52
3733,41
3734,42
3735,41
3736,46
3737,46
3738,46
3739,45
3740,40
3741,45
3742,45
3743,58
3744,51
3745,46
3746,45
3747,46
3748,55
3749,46
3750,46
3751,47
3752,46
3753,53
3754,47
3755,54
3756,42
3757,47
3758,45
3759,53
3760,42
3761,46
3762,46
3763,46
3764,46
3765,46
3766,57
3767,46
3768,46
3769,46
3770,46
3771,46
3772,50
3773,50
3774,50
3775,50
3776,46
3777,47
3778,46
3779,51
3780,47
3781,46
3782,44
3783,53
3784,43
3785,45
3786,40
3787,46
3788,46
3789,44
3790,48
3791,42
3792,53
3793,46
3794,46
3795,46
3796,46
3797,46
3798,40
3799,46
3800,55
3801,46
3802,51
3803,42
3804,47
3805,40
3806,43
3807,45
3808,49
3809,42
3810,42
3811,47
3812,42
3813,46
3814,40
3815,45
3816,45
3817,52
3818,48
3819,69
3820,47
3821,52
3822,52
3823,50
3824,47
3825,46
3826,47
3827,47
3828,47
3829,52
3830,47
3831,52
3832,45
3833,58
3834,41
3835,46
3836,56
3837,46
3838,45
3839,54
3840,52
3841,52
3842,127
3843,52
3844,47
3845,46
3846,63
3847,61
3848,50
3849,49
3850,47
3851,47
3852,51
3853,42
3854,47
3855,47
3856,47
3857,48
3858,47
3859,48
3860,41
3861,49
3862,45
3863,49
3864,60
3865,43
3866,40
3867,44
3868,54
3869,43
3870,43
3871,49
3872,50
3873,54
3874,43
3875,41
3876,43
3877,42
3878,45
3879,45
3880,44
3881,48
3882,43
3883,46
3884,50
3885,45
3886,45
3887,46
3888,59
3889,45
3890,53
3891,45
3892,45
3893,45
3894,47
3895,47
3896,43
3897,46
3898,43
3899,43
3900,45
3901,49
3902,43
3903,43
3904,49
3905,46
3906,47
3907,43
3908,43
3909,42
3910,48
3911,47
3912,45
3913,48
3914,42
3915,48
3916,47
3917,58
3918,44
3919,75
3920,46
3921,49
3922,49
3923,46
3924,47
3925,43
3926,47
3927,43
3928,47
3929,48
3930,42
3931,48
3932,47
3933,48
3934,55
3935,44
3936,48
3937,44
3938,56
3939,46
3940,45
3941,44
3942,54
3943,47
3944,46
3945,43
3946,49
3947,49
3948,46
3949,44
3950,45
3951,42
3952,48
3953,48
3954,44
3955,44
3956,43
3957,44
3958,55
3959,51
3960,48
3961,48
3962,42
3963,49
3964,62
3965,54
3966,49
3967,44
3968,51
3969,52
3970,47
3971,49
3972,45
3973,48
3974,59
3975,48
3976,43
3977,44
3978,55
3979,44
3980,46
3981,48
3982,43
3983,52
3984,42
3985,49
3986,43
3987,49
3988,44
3989,51
3990,44
3991,46
3992,49
3993,56
3994,44
3995,50
3996,57
3997,64
3998,44
3999,48
4000,46
4001,51
4002,43
4003,57
4004,44
4005,47
4006,56
4007,44
4008,56
4009,45
4010,47
4011,49
4012,49
4013,45
4014,46
4015,56
4016,52
4017,43
4018,61
4019,49
4020,49
4021,44
4022,49
4023,48
4024,49
4025,50
4026,49
4027,61
4028,62
4029,45
4030,47
4031,52
4032,45
4033,48
4034,49
4035,49
4036,55
4037,45
4038,54
4039,45
4040,45
4041,51
4042,49
4043,52
4044,50
4045,69
4046,49
4047,49
4048,56
4049,55
4050,52
4051,44
4052,44
4053,42
4054,56
4055,44
4056,45
4057,49
4058,56
4059,44
4060,46
4061,50
4062,49
4063,62
4064,49
4065,50
4066,54
4067,51
4068,45
4069,56
4070,43
4071,47
4072,54
4073,45
4074,42
4075,49
4076,48
4077,45
4078,54
4079,53
4080,47
4081,67
4082,56
4083,45
4084,46
4085,52
4086,48
4087,45
4088,45
4089,47
4090,45
4091,45
4092,45
4093,47
4094,44
4095,50
4096,49
4097,55
4098,51
4099,59
4100,52
4101,51
4102,56
4103,52
4104,61
4105,53
4106,56
4107,55
4108,55
4109,67
4110,57
4111,51
4112,52
4113,56
4114,51
4115,64
4116,56
4117,54
4118,51
4119,50
4120,67
4121,53
4122,54
4123,50
4124,51
4125,51
4126,55
4127,51
4128,56
4129,55
4130,70
4131,56
4132,50
4133,55
4134,55
4135,48
4136,56
4137,56
4138,59
4139,53
4140,59
4141,65
4142,51
4143,54
4144,53
4145,56
4146,51
4147,63
4148,52
4149,56
4150,61
4151,60
4152,52
4153,60
4154,52
4155,52
4156,51
4157,64
4158,52
4159,64
4160,54
4161,56
4162,55
4163,58
4164,57
4165,56
4166,56
4167,57
4168,52
4169,52
4170,56
4171,50
4172,57
4173,52
4174,60
4175,51
4176,57
4177,52
4178,57
4179,54
4180,51
4181,51
4182,51
4183,66
4184,56
4185,56
4186,56
4187,57
4188,57
4189,56
4190,57
4191,59
4192,60
4193,59
4194,118
4195,53
4196,57
4197,50
4198,65
4199,68
4200,50
4201,60
4202,66
4203,55
4204,54
4205,54
4206,50
4207,115
4208,51
4209,56
4210,53
4211,52
4212,56
4213,52
4214,52
4215,52
4216,54
4217,56
4218,51
4219,51
4220,57
4221,56
4222,57
4223,50
4224,56
4225,50
4226,57
4227,57
4228,56
4229,53
4230,58
4231,54
4232,57
4233,51
4234,105
4235,57
4236,60
4237,57
4238,61
4239,51
4240,70
4241,70
4242,67
4243,64
4244,52
4245,51
4246,68
4247,72
4248,52
4249,52
4250,52
4251,57
4252,61
4253,57
4254,52
4255,57
4256,51
4257,60
4258,53
4259,57
4260,53
4261,55
4262,65
4263,61
4264,53
4265,52
4266,51
4267,56
4268,51
4269,58
4270,57
4271,56
4272,51
4273,57
4274,57
4275,57
4276,70
4277,55
4278,54
4279,52
4280,53
4281,53
4282,52
4283,53
4284,68
4285,66
4286,71
4287,57
4288,57
4289,61
4290,62
4291,58
4292,76
4293,53
4294,68
4295,62
4296,54
4297,63
4298,58
4299,59
4300,55
4301,58
4302,57
4303,52
4304,53
4305,54
4306,53
4307,53
4308,51
4309,57
4310,59
4311,51
4312,62
4313,54
4314,71
4315,54
4316,53
4317,73
4318,66
4319,69
4320,56
4321,58
4322,57
4323,57
4324,58
4325,58
4326,58
4327,58
4328,68
4329,58
4330,72
4331,67
4332,57
4333,73
4334,52
4335,53
4336,58
4337,57
4338,72
4339,58
4340,53
4341,53
4342,58
4343,61
4344,54
4345,66
4346,57
4347,54
4348,52
4349,58
4350,58
4351,66
4352,68
4353,57
4354,58
4355,72
4356,59
4357,64
4358,58
4359,58
4360,76
4361,59
4362,53
4363,58
4364,68
4365,66
4366,54
4367,67
4368,53
4369,51
4370,58
4371,58
4372,58
4373,74
4374,59
4375,53
4376,59
4377,59
4378,58
4379,73
4380,66
4381,61
4382,64
4383,54
4384,53
4385,59
4386,52
4387,59
4388,58
4389,58
4390,68
4391,59
4392,58
4393,60
4394,60
4395,62
4396,59
4397,59
4398,57
4399,57
4400,64
4401,58
4402,54
4403,55
4404,70
4405,55
4406,71
4407,68
4408,58
4409,58
4410,58
4411,60
4412,58
4413,57
4414,59
4415,58
4416,63
4417,58
4418,60
4419,57
4420,67
4421,59
4422,54
4423,55
4424,72
4425,65
4426,64
4427,59
4428,59
4429,54
4430,70
4431,54
4432,54
4433,54
4434,60
4435,67
4436,56
4437,57
4438,55
4439,53
4440,58
4441,55
4442,59
4443,59
4444,55
4445,67
4446,52
4447,59
4448,60
4449,59
4450,56
4451,59
4452,65
4453,70
4454,54
4455,67
4456,56
4457,69
4458,55
4459,60
4460,54
4461,61
4462,59
4463,59
4464,74
4465,54
4466,59
4467,66
4468,54
4469,65
4470,78
4471,58
4472,56
4473,57
4474,62
4475,54
4476,60
4477,59
4478,53
4479,60
4480,53
4481,60
4482,59
4483,60
4484,60
4485,55
4486,65
4487,107
4488,68
4489,55
4490,68
4491,56
4492,58
4493,55
4494,55
4495,54
4496,77
4497,57
4498,54
4499,65
4500,54
4501,51
4502,55
4503,60
4504,66
4505,55
4506,69
4507,60
4508,53
4509,60
4510,55
4511,59
4512,61
4513,60
4514,68
4515,63
4516,55
4517,52
4518,59
4519,56
4520,55
4521,59
4522,59
4523,72
4524,56
4525,59
4526,68
4527,58
4528,56
4529,60
4530,54
4531,57
4532,60
4533,105
4534,77
4535,68
4536,58
4537,71
4538,59
4539,53
4540,59
4541,56
4542,55
4543,56
4544,55
4545,54
4546,54
4547,54
4548,55
4549,59
4550,59
4551,70
4552,57
4553,60
4554,60
4555,61
4556,59
4557,60
4558,68
4559,55
4560,55
4561,56
4562,67
4563,56
4564,56
4565,69
4566,56
4567,56
4568,56
4569,56
4570,56
4571,60
4572,55
4573,56
4574,59
4575,62
4576,61
4577,73
4578,59
4579,55
4580,54
4581,66
4582,73
4583,60
4584,54
4585,60
4586,60
4587,70
4588,60
4589,76
4590,54
4591,60
4592,60
4593,61
4594,70
4595,61
4596,57
4597,59
4598,59
4599,70
4600,55
4601,55
4602,66
4603,55
4604,71
4605,62
4606,61
4607,57
4608,61
4609,61
4610,60
4611,66
4612,61
4613,66
4614,61
4615,61
4616,61
4617,63
4618,60
4619,59
4620,56
4621,67
4622,79
4623,74
4624,101
4625,69
4626,63
4627,62
4628,55
4629,70
4630,70
4631,61
4632,62
4633,70
4634,61
4635,61
4636,72
4637,57
4638,82
4639,66
4640,56
4641,56
4642,71
4643,60
4644,62
4645,71
4646,72
4647,67
4648,56
4649,61
4650,57
4651,62
4652,55
4653,61
4654,65
4655,66
4656,63
4657,65
4658,64
4659,57
4660,61
4661,72
4662,61
4663,56
4664,56
4665,61
4666,61
4667,54
4668,73
4669,58
4670,61
4671,56
4672,61
4673,70
4674,63
4675,70
4676,62
4677,57
4678,65
4679,61
4680,59
4681,68
4682,56
4683,62
4684,61
4685,69
4686,57
4687,72
4688,64
4689,68
4690,62
4691,61
4692,77
4693,63
4694,56
4695,58
4696,57
4697,57
4698,57
4699,55
4700,57
4701,61
4702,56
4703,57
4704,73
4705,61
4706,61
4707,62
4708,62
4709,64
4710,58
4711,54
4712,61
4713,61
4714,79
4715,73
4716,56
4717,56
4718,55
4719,60
4720,60
4721,71
4722,56
4723,62
4724,57
4725,57
4726,66
4727,55
4728,56
4729,56
4730,56
4731,61
4732,60
4733,60
4734,71
4735,58
4736,63
4737,55
4738,83
4739,72
4740,58
4741,58
4742,56
4743,56
4744,62
4745,62
4746,58
4747,58
4748,58
4749,63
4750,59
4751,59
4752,56
4753,57
4754,78
4755,59
4756,71
4757,86
4758,63
4759,71
4760,63
4761,62
4762,62
4763,60
4764,67
4765,62
4766,60
4767,62
4768,58
4769,57
4770,57
4771,56
4772,57
4773,63
4774,62
4775,62
4776,57
4777,56
4778,56
4779,58
4780,58
4781,56
4782,63
4783,63
4784,63
4785,56
4786,63
4787,54
4788,58
4789,61
4790,75
4791,116
4792,61
4793,77
4794,60
4795,58
4796,64
4797,61
4798,60
4799,63
4800,65
4801,59
4802,64
4803,62
4804,60
4805,76
4806,59
4807,60
4808,57
4809,62
4810,64
4811,67
4812,74
4813,63
4814,57
4815,57
4816,56
4817,64
4818,64
4819,55
4820,74
4821,58
4822,64
4823,77
4824,57
4825,64
4826,63
4827,76
4828,84
4829,76
4830,74
4831,74
4832,63
4833,63
4834,56
4835,65
4836,58
4837,62
4838,64
4839,66
4840,76
4841,62
4842,59
4843,62
4844,62
4845,58
4846,63
4847,80
4848,58
4849,63
4850,63
4851,63
4852,74
4853,65
4854,58
4855,63
4856,65
4857,64
4858,62
4859,55
4860,62
4861,62
4862,63
4863,72
4864,56
4865,63
4866,77
4867,58
4868,58
4869,58
4870,68
4871,64
4872,63
4873,64
4874,65
4875,64
4876,59
4877,59
4878,63
4879,68
4880,69
4881,59
4882,68
4883,61
4884,67
4885,62
4886,59
4887,63
4888,65
4889,64
4890,63
4891,65
4892,64
4893,63
4894,64
4895,64
4896,64
4897,64
4898,64
4899,58
4900,59
4901,66
4902,68
4903,65
4904,63
4905,64
4906,68
4907,59
4908,62
4909,58
4910,58
4911,59
4912,59
4913,68
4914,60
4915,65
4916,80
4917,89
4918,67
4919,62
4920,64
4921,57
4922,63
4923,64
4924,61
4925,59
4926,65
4927,58
4928,70
4929,56
4930,64
4931,65
4932,65
4933,64
4934,66
4935,86
4936,61
4937,73
4938,57
4939,64
4940,66
4941,67
4942,61
4943,66
4944,62
4945,58
4946,61
4947,73
4948,68
4949,58
4950,60
4951,63
4952,86
4953,71
4954,59
4955,63
4956,64
4957,63
4958,59
4959,80
4960,63
4961,65
4962,62
4963,77
4964,73
4965,67
4966,60
4967,63
4968,60
4969,63
4970,61
4971,57
4972,65
4973,65
4974,65
4975,64
4976,63
4977,56
4978,66
4979,59
4980,65
4981,78
4982,73
4983,75
4984,59
4985,60
4986,72
4987,58
4988,71
4989,74
4990,76
4991,66
4992,60
4993,65
4994,66
4995,61
4996,66
4997,66
4998,65
4999,70
5000,65
5001,58
5002,74
5003,63
5004,60
5005,65
5006,60
5007,60
5008,60
5009,71
5010,64
5011,59
5012,63
5013,59
5014,59
5015,69
5016,75
5017,61
5018,65
5019,65
5020,68
5021,78
5022,66
5023,59
5024,57
5025,66
5026,59
5027,57
5028,65
5029,58
5030,64
5031,76
5032,78
5033,77
5034,75
5035,64
5036,60
5037,70
5038,61
5039,62
5040,76
5041,58
5042,76
5043,65
5044,146
5045,70
5046,75
5047,66
5048,70
5049,67
5050,76
5051,65
5052,65
5053,66
5054,66
5055,66
5056,63
5057,83
5058,66
5059,63
5060,87
5061,64
5062,65
5063,65
5064,75
5065,59
5066,75
5067,74
5068,86
5069,66
5070,76
5071,67
5072,82
5073,82
5074,65
5075,58
5076,66
5077,75
5078,61
5079,59
5080,65
5081,65
5082,77
5083,62
5084,66
5085,61
5086,64
5087,67
5088,66
5089,67
5090,65
5091,65
5092,66
5093,66
5094,74
5095,66
5096,69
5097,66
5098,65
5099,66
5100,65
5101,61
5102,65
5103,61
5104,65
5105,66
5106,65
5107,65
5108,59
5109,66
5110,66
5111,66
5112,66
5113,70
5114,63
5115,60
5116,66
5117,63
5118,67
5119,68
5120,60
5121,64
5122,65
5123,66
5124,67
5125,60
5126,58
5127,64
5128,61
5129,65
5130,61
5131,68
5132,69
5133,64
5134,75
5135,60
5136,66
5137,66
5138,66
5139,77
5140,75
5141,69
5142,68
5143,66
5144,58
5145,71
5146,60
5147,67
5148,88
5149,74
5150,74
5151,66
5152,76
5153,68
5154,76
5155,62
5156,73
5157,78
5158,86
5159,70
5160,66
5161,57
5162,68
5163,60
5164,75
5165,65
5166,66
5167,105
5168,61
5169,65
5170,61
5171,61
5172,75
5173,66
5174,67
5175,66
5176,74
5177,66
5178,67
5179,67
5180,59
5181,67
5182,71
5183,59
5184,80
5185,71
5186,69
5187,60
5188,66
5189,77
5190,67
5191,68
5192,60
5193,65
5194,71
5195,78
5196,68
5197,69
5198,78
5199,67
5200,58
5201,65
5202,78
5203,68
5204,66
5205,77
5206,76
5207,75
5208,69
5209,68
5210,68
5211,66
5212,68
5213,66
5214,65
5215,60
5216,69
5217,69
5218,62
5219,67
5220,62
5221,78
5222,62
5223,78
5224,77
5225,85
5226,78
5227,71
5228,66
5229,63
5230,68
5231,66
5232,68
5233,62
5234,63
5235,80
5236,81
5237,78
5238,68
5239,68
5240,84
5241,90
5242,68
5243,69
5244,78
5245,77
5246,67
5247,72
5248,91
5249,65
5250,61
5251,61
5252,68
5253,66
5254,64
5255,61
5256,69
5257,61
5258,68
5259,67
5260,67
5261,68
5262,68
5263,63
5264,69
5265,69
5266,61
5267,68
5268,64
5269,61
5270,67
5271,65
5272,68
5273,70
5274,67
5275,61
5276,68
5277,68
5278,78
5279,74
5280,87
5281,69
5282,68
5283,81
5284,68
5285,68
5286,61
5287,71
5288,67
5289,62
5290,63
5291,67
5292,68
5293,78
5294,62
5295,62
5296,61
5297,60
5298,68
5299,68
5300,68
5301,68
5302,68
5303,67
5304,69
5305,72
5306,77
5307,68
5308,72
5309,81
5310,63
5311,63
5312,63
5313,69
5314,68
5315,69
5316,69
5317,69
5318,60
5319,78
5320,66
5321,78
5322,67
5323,60
5324,63
5325,66
5326,68
5327,68
5328,63
5329,72
5330,71
5331,82
5332,62
5333,62
5334,78
5335,72
5336,78
5337,69
5338,68
5339,84
5340,69
5341,78
5342,69
5343,59
5344,68
5345,87
5346,68
5347,70
5348,62
5349,77
5350,62
5351,62
5352,75
5353,63
5354,62
5355,77
5356,75
5357,63
5358,67
5359,81
5360,70
5361,69
5362,68
5363,68
5364,78
5365,63
5366,68
5367,63
5368,70
5369,69
5370,66
5371,62
5372,69
5373,80
5374,79
5375,68
5376,80
5377,77
5378,77
5379,78
5380,69
5381,68
5382,68
5383,68
5384,66
5385,62
5386,72
5387,63
5388,63
5389,68
5390,69
5391,62
5392,65
5393,70
5394,68
5395,70
5396,60
5397,69
5398,69
5399,69
5400,69
5401,63
5402,72
5403,69
5404,69
5405,81
5406,63
5407,63
5408,63
5409,64
5410,65
5411,69
5412,76
5413,70
5414,68
5415,83
5416,70
5417,71
5418,63
5419,65
5420,63
5421,61
5422,61
5423,65
5424,76
5425,128
5426,64
5427,63
5428,71
5429,70
5430,69
5431,72
5432,68
5433,61
5434,71
5435,75
5436,74
5437,64
5438,63
5439,79
5440,63
5441,64
5442,63
5443,64
5444,65
5445,79
5446,78
5447,82
5448,69
5449,70
5450,71
5451,62
5452,65
5453,70
5454,71
5455,61
5456,69
5457,78
5458,81
5459,72
5460,79
5461,83
5462,69
5463,76
5464,62
5465,70
5466,64
5467,62
5468,79
5469,69
5470,61
5471,81
5472,62
5473,72
5474,66
5475,70
5476,72
5477,72
5478,77
5479,78
5480,78
5481,63
5482,79
5483,64
5484,70
5485,72
5486,70
5487,69
5488,70
5489,70
5490,64
5491,74
5492,63
5493,80
5494,67
5495,65
5496,78
5497,80
5498,78
5499,87
5500,65
5501,68
5502,69
5503,78
5504,71
5505,95
5506,78
5507,80
5508,78
5509,70
5510,69
5511,70
5512,70
5513,69
5514,70
5515,64
5516,72
5517,78
5518,67
5519,63
5520,75
5521,79
5522,65
5523,76
5524,71
5525,79
5526,70
5527,89
5528,74
5529,70
5530,62
5531,70
5532,70
5533,74
5534,70
5535,70
5536,69
5537,75
5538,84
5539,71
5540,71
5541,69
5542,64
5543,69
5544,72
5545,71
5546,68
5547,67
5548,64
5549,65
5550,66
5551,70
5552,82
5553,75
5554,75
5555,73
5556,64
5557,68
5558,71
5559,68
5560,82
5561,80
5562,82
5563,66
5564,70
5565,65
5566,70
5567,71
5568,69
5569,64
5570,64
5571,69
5572,66
5573,73
5574,65
5575,63
5576,83
5577,66
5578,65
5579,65
5580,82
5581,82
5582,71
5583,64
5584,68
5585,70
5586,70
5587,71
5588,71
5589,64
5590,79
5591,86
5592,90
5593,96
5594,70
5595,68
5596,82
5597,65
5598,69
5599,83
5600,81
5601,65
5602,64
5603,72
5604,71
5605,71
5606,64
5607,81
5608,109
5609,65
5610,71
5611,81
5612,73
5613,63
5614,71
5615,82
5616,77
5617,81
5618,80
5619,79
5620,70
5621,70
5622,72
5623,71
5624,65
5625,64
5626,90
5627,64
5628,70
5629,65
5630,91
5631,77
5632,73
5633,69
5634,65
5635,70
5636,71
5637,71
5638,64
5639,82
5640,80
5641,69
5642,71
5643,90
5644,95
5645,65
5646,71
5647,65
5648,71
5649,69
5650,66
5651,75
5652,71
5653,72
5654,90
5655,72
5656,62
5657,72
5658,81
5659,73
5660,65
5661,65
5662,73
5663,68
5664,65
5665,69
5666,63
5667,66
5668,71
5669,71
5670,72
5671,72
5672,69
5673,72
5674,73
5675,72
5676,74
5677,67
5678,72
5679,76
5680,88
5681,73
5682,65
5683,73
5684,68
5685,92
5686,73
5687,65
5688,72
5689,74
5690,72
5691,72
5692,65
5693,82
5694,86
5695,66
5696,74
5697,66
5698,82
5699,75
5700,71
5701,72
5702,73
5703,71
5704,63
5705,63
5706,74
5707,69
5708,84
5709,77
5710,71
5711,70
5712,70
5713,72
5714,72
5715,80
5716,79
5717,65
5718,66
5719,64
5720,88
5721,80
5722,73
5723,64
5724,74
5725,73
5726,81
5727,79
5728,73
5729,82
5730,72
5731,83
5732,80
5733,73
5734,73
5735,73
5736,73
5737,69
5738,72
5739,74
5740,72
5741,81
5742,153
5743,81
5744,78
5745,68
5746,67
5747,73
5748,75
5749,74
5750,72
5751,73
5752,74
5753,89
5754,73
5755,71
5756,78
5757,65
5758,66
5759,83
5760,73
5761,66
5762,63
5763,76
5764,67
5765,72
5766,65
5767,72
5768,77
5769,84
5770,66
5771,70
5772,68
5773,81
5774,76
5775,88
5776,66
5777,64
5778,80
5779,67
5780,67
5781,65
5782,73
5783,74
5784,73
5785,72
5786,65
5787,70
5788,88
5789,88
5790,80
5791,76
5792,70
5793,75
5794,75
5795,68
5796,67
5797,68
5798,73
5799,67
5800,67
5801,74
5802,68
5803,73
5804,74
5805,96
5806,70
5807,73
5808,70
5809,70
5810,67
5811,75
5812,64
5813,70
5814,74
5815,74
5816,178
5817,83
5818,75
5819,73
5820,74
5821,73
5822,71
5823,74
5824,74
5825,74
5826,79
5827,74
5828,74
5829,75
5830,77
5831,81
5832,89
5833,73
5834,79
5835,81
5836,67
5837,76
5838,77
5839,75
5840,82
5841,72
5842,67
5843,73
5844,83
5845,75
5846,74
5847,77
5848,83
5849,69
5850,67
5851,106
5852,67
5853,66
5854,68
5855,81
5856,81
5857,67
5858,85
5859,84
5860,81
5861,74
5862,81
5863,74
5864,74
5865,85
5866,86
5867,77
5868,68
5869,74
5870,71
5871,75
5872,82
5873,67
5874,67
5875,75
5876,67
5877,66
5878,74
5879,75
5880,67
5881,100
5882,74
5883,74
5884,77
5885,78
5886,74
5887,68
5888,68
5889,78
5890,73
5891,80
5892,88
5893,70
5894,73
5895,83
5896,75
5897,75
5898,74
5899,74
5900,77
5901,75
5902,74
5903,95
5904,68
5905,73
5906,68
5907,66
5908,74
5909,74
5910,75
5911,74
5912,72
5913,75
5914,75
5915,74
5916,72
5917,74
5918,72
5919,74
5920,71
5921,69
5922,75
5923,69
5924,75
5925,67
5926,66
5927,74
5928,75
5929,85
5930,75
5931,64
5932,75
5933,75
5934,74
5935,88
5936,76
5937,88
5938,84
5939,83
5940,68
5941,74
5942,86
5943,68
5944,77
5945,74
5946,69
5947,76
5948,68
5949,69
5950,90
5951,78
5952,69
5953,68
5954,72
5955,73
5956,66
5957,68
5958,72
5959,68
5960,93
5961,75
5962,73
5963,76
5964,87
5965,73
5966,66
5967,72
5968,76
5969,72
5970,77
5971,76
5972,77
5973,68
5974,68
5975,74
5976,69
5977,70
5978,76
5979,75
5980,75
5981,73
5982,68
5983,86
5984,95
5985,90
5986,75
5987,79
5988,85
5989,75
5990,77
5991,69
5992,66
5993,66
5994,77
5995,69
5996,78
5997,79
5998,76
5999,74
6000,77
6001,76
6002,85
6003,80
6004,83
6005,85
6006,77
6007,66
6008,82
6009,83
6010,66
6011,69
6012,71
6013,97
6014,68
6015,89
6016,74
6017,73
6018,68
6019,76
6020,71
6021,77
6022,77
6023,75
6024,75
6025,93
6026,77
6027,77
6028,77
6029,73
6030,83
6031,69
6032,70
6033,72
6034,77
6035,78
6036,76
6037,83
6038,76
6039,75
6040,69
6041,75
6042,76
6043,95
6044,75
6045,69
6046,70
6047,88
6048,87
6049,77
6050,69
6051,70
6052,75
6053,77
6054,78
6055,77
6056,74
6057,77
6058,77
6059,66
6060,69
6061,74
6062,71
6063,69
6064,75
6065,73
6066,78
6067,71
6068,75
6069,70
6070,77
6071,77
6072,76
6073,89
6074,80
6075,67
6076,70
6077,75
6078,69
6079,70
6080,70
6081,70
6082,69
6083,69
6084,68
6085,69
6086,74
6087,77
6088,77
6089,76
6090,76
6091,77
6092,78
6093,102
6094,83
6095,71
6096,77
6097,77
6098,70
6099,67
6100,77
6101,77
6102,76
6103,77
6104,66
6105,88
6106,70
6107,68
6108,67
6109,106
6110,78
6111,78
6112,76
6113,86
6114,85
6115,77
6116,83
6117,78
6118,77
6119,86
6120,97
6121,84
6122,70
6123,88
6124,80
6125,77
6126,70
6127,70
6128,70
6129,74
6130,70
6131,84
6132,88
6133,71
6134,71
6135,88
6136,78
6137,67
6138,76
6139,86
6140,79
6141,78
6142,76
6143,85
6144,76
6145,86
6146,77
6147,77
6148,87
6149,85
6150,77
6151,78
6152,77
6153,88
6154,81
6155,88
6156,87
6157,79
6158,72
6159,70
6160,84
6161,88
6162,67
6163,77
6164,77
6165,71
6166,67
6167,77
6168,77
6169,70
6170,121
6171,75
6172,75
6173,70
6174,70
6175,70
6176,71
6177,85
6178,138
6179,96
6180,84
6181,80
6182,77
6183,69
6184,76
6185,89
6186,70
6187,99
6188,84
6189,98
6190,74
6191,70
6192,70
6193,90
6194,83
6195,77
6196,77
6197,68
6198,79
6199,87
6200,78
6201,77
6202,78
6203,77
6204,70
6205,82
6206,68
6207,70
6208,78
6209,82
6210,86
6211,76
6212,84
6213,97
6214,77
6215,85
6216,84
6217,85
6218,69
6219,85
6220,84
6221,79
6222,80
6223,137
6224,93
6225,71
6226,72
6227,70
6228,80
6229,88
6230,75
6231,76
6232,71
6233,90
6234,84
6235,80
6236,87
6237,99
6238,79
6239,86
6240,87
6241,79
6242,92
6243,71
6244,70
6245,93
6246,70
6247,79
6248,70
6249,70
6250,68
6251,129
6252,78
6253,82
6254,120
6255,77
6256,78
6257,67
6258,77
6259,71
6260,109
6261,70
6262,83
6263,89
6264,84
6265,73
6266,80
6267,71
6268,76
6269,78
6270,113
6271,86
6272,83
6273,75
6274,81
6275,95
6276,85
6277,75
6278,78
6279,78
6280,78
6281,75
6282,71
6283,80
6284,79
6285,76
6286,71
6287,76
6288,78
6289,85
6290,71
6291,82
6292,86
6293,77
6294,85
6295,73
6296,83
6297,76
6298,78
6299,70
6300,79
6301,99
6302,79
6303,80
6304,87
6305,97
6306,86
6307,87
6308,107
6309,103
6310,78
6311,88
6312,76
6313,88
6314,84
6315,82
6316,78
6317,82
6318,81
6319,87
6320,70
6321,69
6322,91
6323,78
6324,90
6325,86
6326,93
6327,72
6328,80
6329,78
6330,92
6331,71
6332,75
6333,102
6334,71
6335,86
6336,72
6337,83
6338,77
6339,87
6340,88
6341,106
6342,77
6343,76
6344,73
6345,77
6346,77
6347,90
6348,73
6349,72
6350,79
6351,72
6352,84
6353,84
6354,73
6355,81
6356,84
6357,85
6358,81
6359,79
6360,71
6361,74
6362,79
6363,82
6364,77
6365,82
6366,91
6367,79
6368,81
6369,71
6370,79
6371,80
6372,71
6373,83
6374,230
6375,84
6376,83
6377,82
6378,80
6379,73
6380,72
6381,69
6382,79
6383,78
6384,71
6385,77
6386,82
6387,82
6388,71
6389,79
6390,85
6391,85
6392,75
6393,91
6394,77
6395,73
6396,80
6397,97
6398,76
6399,75
6400,84
6401,77
6402,93
6403,76
6404,69
6405,78
6406,70
6407,73
6408,74
6409,83
6410,84
6411,92
6412,73
6413,70
6414,76
6415,70
6416,75
6417,81
6418,80
6419,81
6420,70
6421,82
6422,80
6423,80
6424,82
6425,79
6426,111
6427,82
6428,79
6429,81
6430,75
6431,139
6432,80
6433,75
6434,81
6435,105
6436,79
6437,89
6438,73
6439,81
6440,99
6441,80
6442,81
6443,81
6444,70
6445,73
6446,73
6447,80
6448,74
6449,84
6450,84
6451,80
6452,74
6453,75
6454,73
6455,77
6456,77
6457,91
6458,80
6459,87
6460,83
6461,80
6462,79
6463,81
6464,80
6465,76
6466,73
6467,81
6468,70
6469,80
6470,90
6471,81
6472,82
6473,70
6474,74
6475,88
6476,75
6477,73
6478,73
6479,82
6480,88
6481,80
6482,73
6483,79
6484,76
6485,80
6486,82
6487,81
6488,81
6489,72
6490,81
6491,87
6492,78
6493,77
6494,72
6495,80
6496,81
6497,80
6498,78
6499,82
6500,73
6501,258
6502,81
6503,81
6504,79
6505,80
6506,81
6507,74
6508,79
6509,82
6510,76
6511,81
6512,80
6513,86
6514,82
6515,73
6516,89
6517,75
6518,82
6519,75
6520,73
6521,75
6522,80
6523,82
6524,71
6525,81
6526,72
6527,81
6528,74
6529,81
6530,71
6531,82
6532,79
6533,93
6534,82
6535,82
6536,76
6537,81
6538,81
6539,81
6540,74
6541,74
6542,74
6543,92
6544,74
6545,76
6546,70
6547,73
6548,78
6549,76
6550,78
6551,101
6552,78
6553,84
6554,88
6555,90
6556,101
6557,92
6558,135
6559,75
6560,73
6561,90
6562,92
6563,87
6564,89
6565,88
6566,90
6567,75
6568,94
6569,74
6570,78
6571,88
6572,74
6573,81
6574,73
6575,96
6576,91
6577,86
6578,89
6579,82
6580,82
6581,77
6582,72
6583,83
6584,87
6585,102
6586,87
6587,82
6588,98
6589,88
6590,74
6591,90
6592,74
6593,82
6594,89
6595,81
6596,80
6597,80
6598,83
6599,92
6600,82
6601,84
6602,84
6603,76
6604,69
6605,76
6606,75
6607,86
6608,77
6609,87
6610,86
6611,91
6612,101
6613,71
6614,83
6615,72
6616,82
6617,73
6618,84
6619,75
6620,84
6621,74
6622,82
6623,89
6624,81
6625,92
6626,88
6627,83
6628,90
6629,88
6630,99
6631,82
6632,82
6633,76
6634,99
6635,76
6636,78
6637,86
6638,142
6639,77
6640,83
6641,89
6642,76
6643,82
6644,83
6645,85
6646,83
6647,83
6648,83
6649,81
6650,72
6651,75
6652,83
6653,74
6654,90
6655,76
6656,75
6657,84
6658,89
6659,84
6660,85
6661,84
6662,91
6663,85
6664,83
6665,92
6666,76
6667,108
6668,87
6669,96
6670,89
6671,74
6672,93
6673,92
6674,88
6675,86
6676,86
6677,105
6678,82
6679,83
6680,89
6681,73
6682,81
6683,99
6684,92
6685,79
6686,74
6687,111
6688,87
6689,75
6690,86
6691,91
6692,90
6693,83
6694,89
6695,75
6696,83
6697,83
6698,84
6699,74
6700,105
6701,75
6702,75
6703,89
6704,87
6705,75
6706,77
6707,71
6708,80
6709,82
6710,84
6711,73
6712,83
6713,71
6714,75
6715,72
6716,77
6717,81
6718,80
6719,76
6720,86
6721,88
6722,75
6723,74
6724,83
6725,84
6726,71
6727,93
6728,82
6729,83
6730,91
6731,88
6732,90
6733,85
6734,76
6735,87
6736,85
6737,75
6738,81
6739,95
6740,102
6741,80
6742,89
6743,82
6744,88
6745,89
6746,88
6747,181
6748,95
6749,98
6750,75
6751,80
6752,82
6753,102
6754,96
6755,97
6756,93
6757,83
6758,97
6759,90
6760,83
6761,103
6762,81
6763,81
6764,78
6765,88
6766,101
6767,97
6768,97
6769,95
6770,97
6771,101
6772,94
6773,112
6774,102
6775,80
6776,77
6777,76
6778,91
6779,79
6780,87
6781,77
6782,86
6783,96
6784,101
6785,74
6786,89
6787,93
6788,96
6789,93
6790,73
6791,84
6792,95
6793,77
6794,90
6795,85
6796,74
6797,77
6798,82
6799,109
6800,78
6801,79
6802,83
6803,76
6804,80
6805,77
6806,84
6807,78
6808,82
6809,85
6810,85
6811,83
6812,84
6813,98
6814,75
6815,89
6816,86
6817,86
6818,84
6819,86
6820,73
6821,84
6822,84
6823,98
6824,80
6825,90
6826,79
6827,77
6828,90
6829,85
6830,87
6831,86
6832,84
6833,83
6834,78
6835,76
6836,85
6837,85
6838,85
6839,174
6840,79
6841,95
6842,88
6843,75
6844,90
6845,89
6846,85
6847,85
6848,84
6849,91
6850,106
6851,73
6852,88
6853,84
6854,95
6855,77
6856,101
6857,86
6858,85
6859,73
6860,73
6861,77
6862,82
6863,80
6864,81
6865,81
6866,85
6867,87
6868,79
6869,84
6870,79
6871,87
6872,79
6873,81
6874,83
6875,81
6876,91
6877,88
6878,78
6879,77
6880,83
6881,85
6882,85
6883,85
6884,91
6885,89
6886,86
6887,79
6888,78
6889,114
6890,84
6891,101
6892,77
6893,84
6894,98
6895,76
6896,77
6897,85
6898,101
6899,90
6900,86
6901,85
6902,87
6903,92
6904,81
6905,76
6906,78
6907,123
6908,90
6909,83
6910,78
6911,87
6912,124
6913,95
6914,78
6915,88
6916,77
6917,80
6918,95
6919,92
6920,80
6921,78
6922,86
6923,88
6924,88
6925,76
6926,100
6927,78
6928,80
6929,88
6930,85
6931,92
6932,89
6933,88
6934,88
6935,79
6936,84
6937,78
6938,86
6939,87
6940,87
6941,99
6942,96
6943,79
6944,89
6945,79
6946,87
6947,98
6948,82
6949,89
6950,80
6951,88
6952,111
6953,100
6954,113
6955,91
6956,103
6957,78
6958,87
6959,84
6960,84
6961,88
6962,115
6963,78
6964,86
6965,79
6966,83
6967,88
6968,87
6969,91
6970,98
6971,82
6972,88
6973,81
6974,91
6975,83
6976,89
6977,87
6978,87
6979,87
6980,94
6981,79
6982,85
6983,98
6984,88
6985,88
6986,87
6987,92
6988,89
6989,93
6990,79
6991,200
6992,93
6993,89
6994,80
6995,99
6996,99
6997,102
6998,100
6999,88
7000,87
7001,76
7002,88
7003,88
7004,97
7005,89
7006,124
7007,88
7008,80
7009,84
7010,98
7011,164
7012,99
7013,79
7014,81
7015,77
7016,80
7017,87
7018,91
7019,81
7020,85
7021,91
7022,76
7023,79
7024,89
7025,103
7026,87
7027,157
7028,87
7029,98
7030,87
7031,116
7032,93
7033,80
7034,79
7035,78
7036,88
7037,84
7038,88
7039,89
7040,110
7041,100
7042,103
7043,104
7044,121
7045,88
7046,103
7047,126
7048,101
7049,100
7050,78
7051,81
7052,87
7053,83
7054,90
7055,89
7056,88
7057,88
7058,88
7059,81
7060,89
7061,85
7062,90
7063,81
7064,90
7065,77
7066,88
7067,88
7068,80
7069,77
7070,89
7071,94
7072,81
7073,88
7074,77
7075,91
7076,81
7077,88
7078,87
7079,93
7080,98
7081,94
7082,99
7083,85
7084,101
7085,81
7086,89
7087,92
7088,89
7089,80
7090,89
7091,79
7092,88
7093,77
7094,80
7095,81
7096,90
7097,164
7098,81
7099,86
7100,87
7101,85
7102,90
7103,84
7104,77
7105,81
7106,81
7107,84
7108,81
7109,102
7110,79
7111,87
7112,88
7113,88
7114,87
7115,76
7116,81
7117,77
7118,82
7119,89
7120,81
7121,84
7122,80
7123,80
7124,84
7125,79
7126,98
7127,89
7128,76
7129,89
7130,88
7131,77
7132,90
7133,90
7134,91
7135,92
7136,82
7137,89
7138,93
7139,99
7140,94
7141,90
7142,88
7143,77
7144,80
7145,91
7146,89
7147,89
7148,89
7149,89
7150,77
7151,119
7152,91
7153,86
7154,88
7155,89
7156,90
7157,99
7158,81
7159,104
7160,99
7161,81
7162,99
7163,86
7164,93
7165,90
7166,90
7167,89
7168,77
7169,88
7170,88
7171,88
7172,89
7173,88
7174,83
7175,97
7176,87
7177,89
7178,77
7179,81
7180,93
7181,102
7182,85
7183,89
7184,92
7185,92
7186,92
7187,81
7188,80
7189,89
7190,89
7191,80
7192,94
7193,91
7194,91
7195,90
7196,90
7197,144
7198,86
7199,93
7200,84
7201,81
7202,89
7203,90
7204,90
7205,123
7206,97
7207,93
7208,88
7209,97
7210,89
7211,79
7212,78
7213,85
7214,85
7215,81
7216,89
7217,90
7218,78
7219,96
7220,87
7221,91
7222,104
7223,84
7224,90
7225,81
7226,89
7227,102
7228,94
7229,93
7230,92
7231,92
7232,90
7233,89
7234,89
7235,87
7236,91
7237,88
7238,88
7239,88
7240,84
7241,96
7242,93
7243,88
7244,87
7245,93
7246,91
7247,90
7248,90
7249,79
7250,90
7251,82
7252,82
7253,92
7254,89
7255,89
7256,89
7257,90
7258,86
7259,88
7260,78
7261,90
7262,89
7263,89
7264,77
7265,82
7266,91
7267,91
7268,89
7269,100
7270,90
7271,94
7272,89
7273,90
7274,89
7275,81
7276,88
7277,91
7278,100
7279,89
7280,103
7281,89
7282,82
7283,89
7284,97
7285,88
7286,83
7287,89
7288,90
7289,89
7290,80
7291,90
7292,79
7293,90
7294,92
7295,93
7296,90
7297,94
7298,80
7299,90
7300,100
7301,90
7302,98
7303,90
7304,89
7305,89
7306,91
7307,114
7308,91
7309,92
7310,89
7311,87
7312,78
7313,101
7314,91
7315,91
7316,79
7317,96
7318,80
7319,81
7320,89
7321,96
7322,92
7323,87
7324,94
7325,112
7326,88
7327,94
7328,86
7329,84
7330,92
7331,87
7332,131
7333,83
7334,97
7335,85
7336,103
7337,98
7338,99
7339,105
7340,112
7341,103
7342,242
7343,81
7344,107
7345,81
7346,85
7347,89
7348,88
7349,91
7350,81
7351,81
7352,90
7353,90
7354,92
7355,79
7356,95
7357,98
7358,103
7359,96
7360,109
7361,81
7362,95
7363,84
7364,96
7365,82
7366,80
7367,88
7368,96
7369,90
7370,77
7371,113
7372,85
7373,93
7374,77
7375,90
7376,89
7377,81
7378,92
7379,93
7380,99
7381,102
7382,92
7383,95
7384,103
7385,95
7386,96
7387,84
7388,94
7389,97
7390,94
7391,93
7392,95
7393,90
7394,96
7395,90
7396,77
7397,91
7398,90
7399,77
7400,89
7401,82
7402,87
7403,81
7404,91
7405,94
7406,84
7407,93
7408,84
7409,92
7410,89
7411,90
7412,90
7413,90
7414,91
7415,94
7416,95
7417,106
7418,92
7419,91
7420,85
7421,86
7422,92
7423,88
7424,146
7425,87
7426,83
7427,87
7428,91
7429,84
7430,97
7431,89
7432,93
7433,80
7434,89
7435,79
7436,102
7437,89
7438,97
7439,91
7440,94
7441,91
7442,93
7443,82
7444,82
7445,93
7446,88
7447,87
7448,184
7449,96
7450,94
7451,82
7452,116
7453,102
7454,91
7455,97
7456,93
7457,91
7458,91
7459,95
7460,97
7461,79
7462,106
7463,87
7464,104
7465,81
7466,79
7467,78
7468,98
7469,100
7470,94
7471,88
7472,95
7473,80
7474,91
7475,89
7476,92
7477,87
7478,78
7479,105
7480,91
7481,95
7482,94
7483,88
7484,96
7485,97
7486,85
7487,83
7488,98
7489,98
7490,82
7491,93
7492,90
7493,91
7494,91
7495,94
7496,94
7497,87
7498,100
7499,105
7500,94
7501,90
7502,107
7503,94
7504,98
7505,91
7506,91
7507,101
7508,84
7509,110
7510,83
7511,82
7512,90
7513,91
7514,89
7515,97
7516,88
7517,79
7518,112
7519,79
7520,91
7521,92
7522,114
7523,93
7524,92
7525,79
7526,100
7527,88
7528,93
7529,87
7530,91
7531,96
7532,92
7533,95
7534,94
7535,98
7536,98
7537,90
7538,104
7539,198
7540,90
7541,82
7542,106
7543,96
7544,88
7545,97
7546,91
7547,79
7548,90
7549,91
7550,92
7551,93
7552,92
7553,92
7554,99
7555,83
7556,82
7557,251
7558,88
7559,92
7560,81
7561,81
7562,94
7563,80
7564,82
7565,95
7566,91
7567,79
7568,92
7569,91
7570,97
7571,92
7572,103
7573,107
7574,96
7575,92
7576,94
7577,92
7578,89
7579,95
7580,93
7581,92
7582,94
7583,109
7584,92
7585,92
7586,85
7587,84
7588,93
7589,113
7590,88
7591,82
7592,93
7593,92
7594,94
7595,111
7596,88
7597,96
7598,97
7599,93
7600,94
7601,92
7602,89
7603,97
7604,90
7605,89
7606,96
7607,95
7608,98
7609,113
7610,82
7611,92
7612,96
7613,94
7614,92
7615,125
7616,96
7617,98
7618,98
7619,98
7620,87
7621,91
7622,89
7623,129
7624,85
7625,116
7626,105
7627,103
7628,102
7629,105
7630,93
7631,95
7632,111
7633,110
7634,83
7635,95
7636,84
7637,121
7638,100
7639,95
7640,101
7641,94
7642,100
7643,93
7644,94
7645,92
7646,93
7647,94
7648,81
7649,98
7650,112
7651,87
7652,83
7653,84
7654,96
7655,95
7656,97
7657,98
7658,108
7659,97
7660,94
7661,88
7662,97
7663,82
7664,96
7665,89
7666,84
7667,91
7668,97
7669,85
7670,100
7671,99
7672,82
7673,101
7674,122
7675,128
7676,97
7677,95
7678,90
7679,85
7680,92
7681,96
7682,91
7683,103
7684,95
7685,97
7686,119
7687,86
7688,86
7689,84
7690,98
7691,107
7692,87
7693,94
7694,89
7695,92
7696,86
7697,103
7698,114
7699,88
7700,87
7701,85
7702,103
7703,88
7704,92
7705,86
7706,88
7707,98
7708,109
7709,110
7710,98
7711,123
7712,86
7713,102
7714,117
7715,128
7716,98
7717,87
7718,94
7719,105
7720,142
7721,115
7722,92
7723,107
7724,88
7725,96
7726,88
7727,83
7728,86
7729,96
7730,100
7731,126
7732,112
7733,99
7734,118
7735,104
7736,110
7737,92
7738,101
7739,97
7740,132
7741,95
7742,97
7743,108
7744,87
7745,86
7746,96
7747,117
7748,121
7749,87
7750,96
7751,105
7752,100
7753,111
7754,101
7755,319
7756,89
7757,99
7758,103
7759,157
7760,89
7761,101
7762,88
7763,96
7764,110
7765,97
7766,96
7767,149
7768,87
7769,110
7770,96
7771,98
7772,100
7773,96
7774,116
7775,102
7776,117
7777,91
7778,92
7779,117
7780,96
7781,86
7782,89
7783,99
7784,98
7785,97
7786,88
7787,126
7788,96
7789,102
7790,87
7791,100
7792,89
7793,89
7794,96
7795,97
7796,89
7797,88
7798,87
7799,97
7800,96
7801,102
7802,118
7803,109
7804,91
7805,132
7806,93
7807,101
7808,89
7809,101
7810,96
7811,93
7812,95
7813,150
7814,102
7815,107
7816,98
7817,89
7818,93
7819,89
7820,108
7821,103
7822,88
7823,97
7824,102
7825,86
7826,89
7827,88
7828,94
7829,83
7830,101
7831,87
7832,105
7833,83
7834,100
7835,96
7836,107
7837,88
7838,107
7839,100
7840,87
7841,89
7842,92
7843,84
7844,91
7845,93
7846,89
7847,100
7848,87
7849,98
7850,88
7851,100
7852,93
7853,88
7854,96
7855,118
7856,88
7857,86
7858,96
7859,114
7860,91
7861,86
7862,99
7863,85
7864,97
7865,95
7866,106
7867,88
7868,87
7869,94
7870,89
7871,89
7872,101
7873,120
7874,95
7875,84
7876,94
7877,95
7878,101
7879,97
7880,104
7881,97
7882,88
7883,86
7884,94
7885,101
7886,98
7887,97
7888,99
7889,97
7890,87
7891,87
7892,90
7893,96
7894,100
7895,97
7896,98
7897,106
7898,98
7899,91
7900,83
7901,99
7902,98
7903,101
7904,87
7905,94
7906,87
7907,86
7908,95
7909,97
7910,90
7911,98
7912,86
7913,87
7914,93
7915,93
7916,95
7917,129
7918,96
7919,114
7920,92
7921,85
7922,93
7923,87
7924,96
7925,93
7926,97
7927,86
7928,99
7929,109
7930,94
7931,87
7932,96
7933,96
7934,97
7935,95
7936,95
7937,133
7938,96
7939,98
7940,89
7941,87
7942,87
7943,97
7944,99
7945,87
7946,91
7947,89
7948,97
7949,89
7950,90
7951,87
7952,88
7953,98
7954,99
7955,112
7956,117
7957,93
7958,91
7959,118
7960,86
7961,111
7962,102
7963,94
7964,99
7965,85
7966,87
7967,102
7968,99
7969,91
7970,96
7971,104
7972,89
7973,106
7974,95
7975,102
7976,89
7977,93
7978,101
7979,90
7980,97
7981,96
7982,112
7983,111
7984,88
7985,87
7986,99
7987,109
7988,94
7989,194
7990,103
7991,107
7992,101
7993,101
7994,94
7995,89
7996,98
7997,90
7998,105
7999,89
8000,101
8001,89
8002,112
8003,105
8004,89
8005,97
8006,107
8007,98
8008,102
8009,88
8010,88
8011,111
8012,89
8013,90
8014,110
8015,95
8016,120
8017,90
8018,95
8019,99
8020,89
8021,96
8022,91
8023,100
8024,98
8025,102
8026,121
8027,109
8028,98
8029,95
8030,111
8031,101
8032,100
8033,106
8034,106
8035,106
8036,89
8037,86
8038,110
8039,95
8040,90
8041,105
8042,95
8043,112
8044,98
8045,97
8046,102
8047,98
8048,98
8049,100
8050,100
8051,96
8052,89
8053,99
8054,102
8055,119
8056,105
8057,104
8058,100
8059,98
8060,86
8061,98
8062,97
8063,95
8064,101
8065,98
8066,98
8067,94
8068,97
8069,101
8070,100
8071,97
8072,93
8073,109
8074,139
8075,99
8076,96
8077,89
8078,88
8079,110
8080,97
8081,98
8082,93
8083,99
8084,88
8085,103
8086,100
8087,97
8088,99
8089,98
8090,118
8091,99
8092,109
8093,90
8094,97
8095,88
8096,100
8097,99
8098,95
8099,101
8100,90
8101,87
8102,104
8103,91
8104,89
8105,110
8106,98
8107,88
8108,97
8109,98
8110,123
8111,99
8112,98
8113,98
8114,99
8115,99
8116,90
8117,97
8118,88
8119,108
8120,94
8121,96
8122,100
8123,99
